from.id    from.cord  to.id      to.cord
     0            0     32      1600000
    33      1650000     72      3600000
    73      3650000    112      5600000
   113      5650000    152      7600000
   153      7650000    192      9600000
   193      9650000    232     11600000
   233     11650000    272     13600000
   273     13650000    291     14550000
   292     14600000    331     16550000
   509     25450000    548     27400000
   549     27450000    557     27850000
   560     28000000    599     29950000
   600     30000000    639     31950000
   640     32000000    679     33950000
   680     34000000    719     35950000
   720     36000000    732     36600000
   733     36650000    772     38600000
   773     38650000    790     39500000
   791     39550000    830     41500000
   831     41550000    870     43500000
   871     43550000    884     44200000
   885     44250000    890     44500000
   891     44550000    898     44900000
   899     44950000    938     46900000
   939     46950000    960     48000000
   961     48050000   1000     50000000
  1001     50050000   1040     52000000
  1041     52050000   1080     54000000
  1081     54050000   1120     56000000
  1121     56050000   1160     58000000
  1201     60050000   1240     62000000
  1241     62050000   1280     64000000
  1281     64050000   1320     66000000
  1321     66050000   1360     68000000
  1361     68050000   1400     70000000
  1401     70050000   1440     72000000
  1441     72050000   1480     74000000
  1481     74050000   1520     76000000
  1521     76050000   1560     78000000
  1561     78050000   1597     79850000
  1598     79900000   1637     81850000
