from.id    from.cord  to.id      to.cord
     2       100000     11       550000
    13       650000     16       800000
    17       850000     22      1100000
    24      1200000     57      2850000
    59      2950000     63      3150000
    65      3250000    104      5200000
   105      5250000    144      7200000
   145      7250000    184      9200000
   185      9250000    224     11200000
   225     11250000    264     13200000
   265     13250000    304     15200000
   305     15250000    307     15350000
   321     16050000    330     16500000
   341     17050000    351     17550000
   352     17600000    358     17900000
   359     17950000    362     18100000
   387     19350000    389     19450000
   390     19500000    402     20100000
   417     20850000    422     21100000
   547     27350000    586     29300000
   587     29350000    608     30400000
   611     30550000    614     30700000
   617     30850000    637     31850000
   639     31950000    643     32150000
   645     32250000    684     34200000
   685     34250000    721     36050000
   732     36600000    753     37650000
   766     38300000    773     38650000
   774     38700000    813     40650000
   814     40700000    853     42650000
   854     42700000    860     43000000
   863     43150000    866     43300000
   869     43450000    905     45250000
   915     45750000    920     46000000
   936     46800000    942     47100000
   944     47200000    945     47250000
   955     47750000    994     49700000
   995     49750000   1034     51700000
  1035     51750000   1074     53700000
  1075     53750000   1114     55700000
  1115     55750000   1154     57700000
  1155     57750000   1194     59700000
  1199     59950000   1201     60050000
  1204     60200000   1241     62050000
  1243     62150000   1247     62350000
  1249     62450000   1288     64400000
  1289     64450000   1292     64600000
  1302     65100000   1341     67050000
  1342     67100000   1381     69050000
  1382     69100000   1421     71050000
  1422     71100000   1461     73050000
  1462     73100000   1501     75050000
  1502     75100000   1541     77050000
  1542     77100000   1581     79050000
  1582     79100000   1617     80850000
  1622     81100000   1630     81500000
  1632     81600000   1648     82400000
  1650     82500000   1653     82650000
