from.id    from.cord  to.id      to.cord
     0            0     29      1450000
    30      1500000     55      2750000
    56      2800000     57      2850000
    58      2900000     97      4850000
    98      4900000    137      6850000
   138      6900000    177      8850000
   178      8900000    217     10850000
   218     10900000    257     12850000
   258     12900000    297     14850000
   298     14900000    301     15050000
   303     15150000    342     17100000
   383     19150000    394     19700000
   398     19900000    399     19950000
   542     27100000    552     27600000
   553     27650000    592     29600000
   593     29650000    601     30050000
   602     30100000    621     31050000
   622     31100000    661     33050000
   662     33100000    701     35050000
   702     35100000    715     35750000
   717     35850000    718     35900000
   719     35950000    736     36800000
   737     36850000    747     37350000
   749     37450000    752     37600000
   753     37650000    779     38950000
   780     39000000    819     40950000
   820     41000000    854     42700000
   856     42800000    874     43700000
   875     43750000    898     44900000
   899     44950000    938     46900000
   939     46950000    959     47950000
   960     48000000    999     49950000
  1000     50000000   1039     51950000
  1040     52000000   1079     53950000
  1080     54000000   1119     55950000
  1120     56000000   1159     57950000
  1160     58000000   1189     59450000
  1190     59500000   1209     60450000
  1210     60500000   1249     62450000
  1250     62500000   1286     64300000
  1289     64450000   1306     65300000
  1307     65350000   1346     67300000
  1347     67350000   1386     69300000
  1387     69350000   1426     71300000
  1427     71350000   1466     73300000
  1467     73350000   1506     75300000
  1507     75350000   1546     77300000
  1547     77350000   1586     79300000
  1587     79350000   1610     80500000
  1611     80550000   1650     82500000
