from.id    from.cord  to.id      to.cord
    21      1050000     60      3000000
    61      3050000    100      5000000
   101      5050000    140      7000000
   141      7050000    180      9000000
   181      9050000    220     11000000
   221     11050000    260     13000000
   261     13050000    300     15000000
   314     15700000    353     17650000
   354     17700000    393     19650000
   539     26950000    544     27200000
   545     27250000    546     27300000
   549     27450000    588     29400000
   589     29450000    628     31400000
   629     31450000    668     33400000
   669     33450000    708     35400000
   709     35450000    748     37400000
   749     37450000    753     37650000
   754     37700000    776     38800000
   777     38850000    816     40800000
   817     40850000    856     42800000
   857     42850000    896     44800000
   950     47500000    989     49450000
   990     49500000   1029     51450000
  1030     51500000   1069     53450000
  1070     53500000   1109     55450000
  1110     55500000   1149     57450000
  1150     57500000   1189     59450000
  1190     59500000   1229     61450000
  1230     61500000   1269     63450000
  1270     63500000   1309     65450000
  1310     65500000   1349     67450000
  1350     67500000   1389     69450000
  1390     69500000   1429     71450000
  1430     71500000   1469     73450000
  1470     73500000   1509     75450000
  1510     75500000   1549     77450000
  1550     77500000   1589     79450000
  1590     79500000   1610     80500000
  1611     80550000   1650     82500000
