from.id    from.cord  to.id      to.cord
     0            0     27      1350000
    28      1400000     67      3350000
    68      3400000    107      5350000
   108      5400000    147      7350000
   148      7400000    187      9350000
   188      9400000    227     11350000
   228     11400000    267     13350000
   268     13400000    301     15050000
   302     15100000    341     17050000
   382     19100000    397     19850000
   544     27200000    552     27600000
   553     27650000    592     29600000
   593     29650000    602     30100000
   603     30150000    622     31100000
   623     31150000    662     33100000
   663     33150000    702     35100000
   703     35150000    715     35750000
   716     35800000    736     36800000
   737     36850000    748     37400000
   749     37450000    752     37600000
   753     37650000    780     39000000
   781     39050000    820     41000000
   821     41050000    855     42750000
   856     42800000    874     43700000
   875     43750000    897     44850000
   898     44900000    937     46850000
   938     46900000    960     48000000
   961     48050000   1000     50000000
  1001     50050000   1040     52000000
  1041     52050000   1080     54000000
  1081     54050000   1120     56000000
  1121     56050000   1160     58000000
  1161     58050000   1189     59450000
  1190     59500000   1208     60400000
  1209     60450000   1248     62400000
  1249     62450000   1286     64300000
  1287     64350000   1306     65300000
  1307     65350000   1346     67300000
  1347     67350000   1386     69300000
  1387     69350000   1426     71300000
  1427     71350000   1466     73300000
  1467     73350000   1506     75300000
  1507     75350000   1546     77300000
  1547     77350000   1586     79300000
  1587     79350000   1609     80450000
  1610     80500000   1649     82450000
