from.id    from.cord  to.id      to.cord
     0            0     29      1450000
    30      1500000     69      3450000
    70      3500000    109      5450000
   110      5500000    149      7450000
   150      7500000    189      9450000
   190      9500000    229     11450000
   230     11500000    269     13450000
   270     13500000    294     14700000
   375     18750000    414     20700000
   506     25300000    545     27250000
   546     27300000    550     27500000
   553     27650000    554     27700000
   556     27800000    595     29750000
   596     29800000    635     31750000
   636     31800000    675     33750000
   676     33800000    715     35750000
   716     35800000    735     36750000
   736     36800000    775     38750000
   776     38800000    786     39300000
   787     39350000    826     41300000
   827     41350000    866     43300000
   867     43350000    901     45050000
   902     45100000    941     47050000
   942     47100000    957     47850000
   958     47900000    997     49850000
   998     49900000   1037     51850000
  1038     51900000   1077     53850000
  1078     53900000   1117     55850000
  1118     55900000   1157     57850000
  1158     57900000   1197     59850000
  1198     59900000   1237     61850000
  1238     61900000   1277     63850000
  1278     63900000   1317     65850000
  1318     65900000   1357     67850000
  1358     67900000   1397     69850000
  1398     69900000   1437     71850000
  1438     71900000   1477     73850000
  1478     73900000   1517     75850000
  1518     75900000   1557     77850000
  1558     77900000   1597     79850000
  1598     79900000   1600     80000000
  1641     82050000   1659     82950000
