from.id    from.cord  to.id      to.cord
     0            0     19       950000
    20      1000000     59      2950000
    60      3000000     99      4950000
   100      5000000    139      6950000
   140      7000000    179      8950000
   180      9000000    219     10950000
   220     11000000    259     12950000
   260     13000000    299     14950000
   317     15850000    332     16600000
   336     16800000    349     17450000
   350     17500000    354     17700000
   355     17750000    394     19700000
   395     19750000    398     19900000
   538     26900000    544     27200000
   545     27250000    546     27300000
   548     27400000    587     29350000
   588     29400000    627     31350000
   628     31400000    667     33350000
   668     33400000    707     35350000
   708     35400000    747     37350000
   748     37400000    754     37700000
   755     37750000    775     38750000
   776     38800000    815     40750000
   816     40800000    855     42750000
   856     42800000    895     44750000
   912     45600000    948     47400000
   949     47450000    988     49400000
   989     49450000   1028     51400000
  1029     51450000   1068     53400000
  1069     53450000   1108     55400000
  1109     55450000   1148     57400000
  1149     57450000   1188     59400000
  1189     59450000   1228     61400000
  1229     61450000   1268     63400000
  1269     63450000   1308     65400000
  1309     65450000   1348     67400000
  1349     67450000   1388     69400000
  1389     69450000   1428     71400000
  1429     71450000   1468     73400000
  1469     73450000   1508     75400000
  1509     75450000   1548     77400000
  1549     77450000   1588     79400000
  1589     79450000   1611     80550000
  1612     80600000   1651     82550000
