from.id    from.cord  to.id      to.cord
     0            0     26      1300000
    27      1350000     66      3300000
    67      3350000    106      5300000
   107      5350000    146      7300000
   147      7350000    186      9300000
   187      9350000    226     11300000
   227     11350000    266     13300000
   267     13350000    304     15200000
   307     15350000    324     16200000
   325     16250000    327     16350000
   331     16550000    344     17200000
   345     17250000    347     17350000
   348     17400000    387     19350000
   388     19400000    391     19550000
   392     19600000    399     19950000
   403     20150000    405     20250000
   541     27050000    549     27450000
   550     27500000    589     29450000
   590     29500000    605     30250000
   606     30300000    618     30900000
   619     30950000    658     32900000
   659     32950000    698     34900000
   699     34950000    718     35900000
   722     36100000    733     36650000
   734     36700000    750     37500000
   754     37700000    756     37800000
   757     37850000    776     38800000
   777     38850000    816     40800000
   817     40850000    856     42800000
   859     42950000    870     43500000
   871     43550000    902     45100000
   905     45250000    918     45900000
   921     46050000    956     47800000
   957     47850000    996     49800000
   997     49850000   1036     51800000
  1037     51850000   1076     53800000
  1077     53850000   1116     55800000
  1117     55850000   1156     57800000
  1157     57850000   1192     59600000
  1194     59700000   1205     60250000
  1246     62300000   1285     64250000
  1286     64300000   1289     64450000
  1292     64600000   1303     65150000
  1304     65200000   1343     67150000
  1344     67200000   1383     69150000
  1384     69200000   1423     71150000
  1424     71200000   1463     73150000
  1464     73200000   1503     75150000
  1504     75200000   1543     77150000
  1544     77200000   1583     79150000
  1584     79200000   1613     80650000
  1614     80700000   1615     80750000
  1618     80900000   1657     82850000
