from.id    from.cord  to.id      to.cord
     0            0     30      1500000
    31      1550000     70      3500000
    71      3550000    110      5500000
   111      5550000    150      7500000
   151      7550000    190      9500000
   191      9550000    230     11500000
   231     11550000    270     13500000
   271     13550000    293     14650000
   294     14700000    333     16650000
   507     25350000    546     27300000
   547     27350000    549     27450000
   551     27550000    556     27800000
   558     27900000    597     29850000
   598     29900000    637     31850000
   638     31900000    677     33850000
   678     33900000    717     35850000
   718     35900000    734     36700000
   735     36750000    774     38700000
   775     38750000    788     39400000
   789     39450000    828     41400000
   829     41450000    868     43400000
   869     43450000    887     44350000
   889     44450000    900     45000000
   941     47050000    958     47900000
   959     47950000    998     49900000
   999     49950000   1038     51900000
  1039     51950000   1078     53900000
  1079     53950000   1118     55900000
  1119     55950000   1158     57900000
  1159     57950000   1198     59900000
  1199     59950000   1238     61900000
  1239     61950000   1278     63900000
  1279     63950000   1318     65900000
  1319     65950000   1358     67900000
  1359     67950000   1398     69900000
  1399     69950000   1438     71900000
  1439     71950000   1478     73900000
  1479     73950000   1518     75900000
  1519     75950000   1558     77900000
  1559     77950000   1598     79900000
  1600     80000000   1639     81950000
