from.id    from.cord  to.id      to.cord
     0            0     28      1400000
    29      1450000     68      3400000
    69      3450000    108      5400000
   109      5450000    148      7400000
   149      7450000    188      9400000
   189      9450000    228     11400000
   229     11450000    268     13400000
   269     13450000    295     14750000
   376     18800000    415     20750000
   505     25250000    544     27200000
   545     27250000    551     27550000
   556     27800000    595     29750000
   596     29800000    635     31750000
   636     31800000    675     33750000
   676     33800000    715     35750000
   716     35800000    736     36800000
   737     36850000    776     38800000
   777     38850000    785     39250000
   786     39300000    825     41250000
   866     43300000    902     45100000
   903     45150000    942     47100000
   943     47150000    956     47800000
   957     47850000    996     49800000
   997     49850000   1036     51800000
  1037     51850000   1076     53800000
  1077     53850000   1116     55800000
  1117     55850000   1156     57800000
  1157     57850000   1196     59800000
  1197     59850000   1236     61800000
  1237     61850000   1276     63800000
  1277     63850000   1316     65800000
  1317     65850000   1356     67800000
  1357     67850000   1396     69800000
  1397     69850000   1436     71800000
  1437     71850000   1476     73800000
  1477     73850000   1516     75800000
  1517     75850000   1556     77800000
  1557     77850000   1596     79800000
  1597     79850000   1602     80100000
  1603     80150000   1642     82100000
  1643     82150000   1659     82950000
