from.id    from.cord  to.id      to.cord
     0            0     24      1200000
    25      1250000     64      3200000
    65      3250000    104      5200000
   105      5250000    144      7200000
   145      7250000    184      9200000
   185      9250000    224     11200000
   225     11250000    264     13200000
   265     13250000    299     14950000
   300     15000000    339     16950000
   380     19000000    419     20950000
   542     27100000    549     27450000
   550     27500000    551     27550000
   552     27600000    556     27800000
   557     27850000    596     29800000
   597     29850000    636     31800000
   637     31850000    676     33800000
   677     33850000    716     35800000
   717     35850000    739     36950000
   740     37000000    779     38950000
   781     39050000    820     41000000
   821     41050000    860     43000000
   861     43050000    900     45000000
   901     45050000    906     45300000
   907     45350000    946     47300000
   947     47350000    953     47650000
   954     47700000    993     49650000
   994     49700000   1033     51650000
  1034     51700000   1073     53650000
  1074     53700000   1113     55650000
  1114     55700000   1153     57650000
  1154     57700000   1193     59650000
  1194     59700000   1233     61650000
  1234     61700000   1273     63650000
  1274     63700000   1313     65650000
  1314     65700000   1353     67650000
  1354     67700000   1393     69650000
  1394     69700000   1433     71650000
  1434     71700000   1473     73650000
  1474     73700000   1513     75650000
  1514     75700000   1553     77650000
  1554     77700000   1593     79650000
  1594     79700000   1606     80300000
