from.id    from.cord  to.id      to.cord
     0            0     26      1300000
    27      1350000     66      3300000
    67      3350000    106      5300000
   107      5350000    146      7300000
   147      7350000    186      9300000
   187      9350000    226     11300000
   227     11350000    266     13300000
   267     13350000    296     14800000
   377     18850000    416     20800000
   544     27200000    552     27600000
   555     27750000    594     29700000
   595     29750000    634     31700000
   635     31750000    674     33700000
   675     33750000    714     35700000
   715     35750000    738     36900000
   739     36950000    778     38900000
   779     38950000    783     39150000
   784     39200000    823     41150000
   824     41200000    863     43150000
   864     43200000    903     45150000
   904     45200000    943     47150000
   944     47200000    954     47700000
   955     47750000    994     49700000
   995     49750000   1034     51700000
  1035     51750000   1074     53700000
  1075     53750000   1114     55700000
  1115     55750000   1154     57700000
  1155     57750000   1194     59700000
  1195     59750000   1234     61700000
  1235     61750000   1274     63700000
  1275     63750000   1314     65700000
  1315     65750000   1354     67700000
  1355     67750000   1394     69700000
  1395     69750000   1434     71700000
  1435     71750000   1474     73700000
  1475     73750000   1514     75700000
  1515     75750000   1554     77700000
  1555     77750000   1594     79700000
  1595     79750000   1603     80150000
  1604     80200000   1643     82150000
