from.id    from.cord  to.id      to.cord
     0            0     17       850000
    18       900000     57      2850000
    58      2900000     97      4850000
    98      4900000    137      6850000
   138      6900000    177      8850000
   178      8900000    217     10850000
   218     10900000    257     12850000
   258     12900000    297     14850000
   298     14900000    318     15900000
   319     15950000    329     16450000
   330     16500000    342     17100000
   343     17150000    346     17300000
   347     17350000    356     17800000
   357     17850000    390     19500000
   391     19550000    405     20250000
   536     26800000    544     27200000
   546     27300000    585     29250000
   586     29300000    625     31250000
   626     31300000    665     33250000
   666     33300000    705     35250000
   706     35300000    745     37250000
   746     37300000    756     37800000
   757     37850000    772     38600000
   773     38650000    812     40600000
   813     40650000    852     42600000
   853     42650000    892     44600000
   893     44650000    915     45750000
   916     45800000    945     47250000
   946     47300000    985     49250000
   986     49300000   1025     51250000
  1026     51300000   1065     53250000
  1066     53300000   1105     55250000
  1106     55300000   1145     57250000
  1146     57300000   1185     59250000
  1186     59300000   1225     61250000
  1226     61300000   1265     63250000
  1266     63300000   1305     65250000
  1306     65300000   1345     67250000
  1346     67300000   1385     69250000
  1386     69300000   1425     71250000
  1426     71300000   1465     73250000
  1466     73300000   1505     75250000
  1506     75300000   1545     77250000
  1546     77300000   1585     79250000
  1586     79300000   1613     80650000
  1614     80700000   1653     82650000
