from.id    from.cord  to.id      to.cord
     0            0     21      1050000
    62      3100000    101      5050000
   102      5100000    141      7050000
   142      7100000    181      9050000
   182      9100000    221     11050000
   222     11100000    261     13050000
   262     13100000    301     15050000
   302     15100000    305     15250000
   306     15300000    307     15350000
   313     15650000    352     17600000
   353     17650000    392     19600000
   540     27000000    545     27250000
   546     27300000    547     27350000
   550     27500000    589     29450000
   590     29500000    629     31450000
   630     31500000    669     33450000
   670     33500000    709     35450000
   710     35500000    749     37450000
   750     37500000    777     38850000
   778     38900000    817     40850000
   818     40900000    857     42850000
   858     42900000    897     44850000
   898     44900000    908     45400000
   909     45450000    948     47400000
   951     47550000    990     49500000
   991     49550000   1030     51500000
  1031     51550000   1070     53500000
  1071     53550000   1110     55500000
  1111     55550000   1150     57500000
  1151     57550000   1190     59500000
  1191     59550000   1230     61500000
  1231     61550000   1270     63500000
  1271     63550000   1310     65500000
  1311     65550000   1350     67500000
  1351     67550000   1390     69500000
  1391     69550000   1430     71500000
  1431     71550000   1470     73500000
  1471     73550000   1510     75500000
  1511     75550000   1550     77500000
  1551     77550000   1590     79500000
  1591     79550000   1608     80400000
  1609     80450000   1648     82400000
