from.id    from.cord  to.id      to.cord
     0            0     25      1250000
    26      1300000     65      3250000
    66      3300000    105      5250000
   106      5300000    145      7250000
   146      7300000    185      9250000
   186      9300000    225     11250000
   226     11300000    265     13250000
   266     13300000    297     14850000
   338     16900000    377     18850000
   378     18900000    417     20850000
   544     27200000    551     27550000
   554     27700000    593     29650000
   594     29700000    633     31650000
   634     31700000    673     33650000
   674     33700000    713     35650000
   714     35700000    738     36900000
   739     36950000    778     38900000
   779     38950000    782     39100000
   783     39150000    822     41100000
   823     41150000    862     43100000
   863     43150000    902     45100000
   903     45150000    904     45200000
   905     45250000    944     47200000
   945     47250000    954     47700000
   955     47750000    994     49700000
   995     49750000   1034     51700000
  1035     51750000   1074     53700000
  1075     53750000   1114     55700000
  1115     55750000   1154     57700000
  1155     57750000   1194     59700000
  1195     59750000   1234     61700000
  1235     61750000   1274     63700000
  1275     63750000   1314     65700000
  1315     65750000   1354     67700000
  1355     67750000   1394     69700000
  1395     69750000   1434     71700000
  1435     71750000   1474     73700000
  1475     73750000   1514     75700000
  1515     75750000   1554     77700000
  1555     77750000   1594     79700000
  1595     79750000   1604     80200000
  1605     80250000   1644     82200000
