from.id    from.cord  to.id      to.cord
     0            0     18       900000
    19       950000     58      2900000
    59      2950000     98      4900000
    99      4950000    138      6900000
   139      6950000    178      8900000
   179      8950000    218     10900000
   219     10950000    258     12900000
   259     12950000    298     14900000
   318     15900000    330     16500000
   331     16550000    341     17050000
   342     17100000    348     17400000
   349     17450000    355     17750000
   356     17800000    395     19750000
   397     19850000    402     20100000
   403     20150000    442     22100000
   537     26850000    545     27250000
   547     27350000    586     29300000
   587     29350000    626     31300000
   627     31350000    666     33300000
   667     33350000    706     35300000
   707     35350000    746     37300000
   747     37350000    755     37750000
   756     37800000    774     38700000
   775     38750000    814     40700000
   815     40750000    854     42700000
   855     42750000    894     44700000
   895     44750000    914     45700000
   915     45750000    946     47300000
   947     47350000    986     49300000
   987     49350000   1026     51300000
  1027     51350000   1066     53300000
  1067     53350000   1106     55300000
  1107     55350000   1146     57300000
  1147     57350000   1186     59300000
  1187     59350000   1226     61300000
  1227     61350000   1266     63300000
  1267     63350000   1306     65300000
  1307     65350000   1346     67300000
  1347     67350000   1386     69300000
  1387     69350000   1426     71300000
  1427     71350000   1466     73300000
  1467     73350000   1506     75300000
  1507     75350000   1546     77300000
  1547     77350000   1586     79300000
  1587     79350000   1612     80600000
  1613     80650000   1652     82600000
