from.id    from.cord  to.id      to.cord
     1        50000     13       650000
    14       700000     15       750000
    16       800000     23      1150000
    25      1250000     56      2800000
    58      2900000     64      3200000
    66      3300000    105      5250000
   106      5300000    145      7250000
   146      7300000    185      9250000
   186      9300000    225     11250000
   226     11300000    265     13250000
   266     13300000    305     15250000
   322     16100000    329     16450000
   342     17100000    350     17500000
   351     17550000    360     18000000
   386     19300000    390     19500000
   391     19550000    401     20050000
   416     20800000    417     20850000
   418     20900000    421     21050000
   548     27400000    587     29350000
   588     29400000    607     30350000
   610     30500000    615     30750000
   618     30900000    636     31800000
   638     31900000    645     32250000
   646     32300000    685     34250000
   686     34300000    720     36000000
   733     36650000    752     37600000
   765     38250000    775     38750000
   776     38800000    804     40200000
   806     40300000    845     42250000
   846     42300000    859     42950000
   862     43100000    867     43350000
   870     43500000    904     45200000
   908     45400000    912     45600000
   916     45800000    919     45950000
   936     46800000    944     47200000
   948     47400000    952     47600000
   956     47800000    995     49750000
   996     49800000    999     49950000
  1001     50050000   1040     52000000
  1041     52050000   1080     54000000
  1081     54050000   1120     56000000
  1121     56050000   1160     58000000
  1161     58050000   1194     59700000
  1197     59850000   1202     60100000
  1205     60250000   1240     62000000
  1241     62050000   1248     62400000
  1250     62500000   1289     64450000
  1290     64500000   1291     64550000
  1296     64800000   1299     64950000
  1303     65150000   1342     67100000
  1343     67150000   1382     69100000
  1383     69150000   1422     71100000
  1423     71150000   1462     73100000
  1463     73150000   1502     75100000
  1503     75150000   1542     77100000
  1543     77150000   1582     79100000
  1583     79150000   1616     80800000
  1621     81050000   1650     82500000
