0 24
26 56
57 66
67 106
107 146
147 186
187 226
227 266
267 306
313 319
323 328
333 339
343 348
372 391
392 401
409 415
419 420
421 422
544 545
549 588
589 607
609 616
619 635
636 645
646 685
686 720
724 730
734 751
763 776
777 801
807 846
847 859
861 868
871 903
907 913
917 918
928 945
947 953
957 996
997 1002
1004 1043
1044 1083
1084 1123
1124 1163
1164 1193
1196 1203
1206 1239
1240 1249
1251 1290
1295 1300
1304 1343
1344 1383
1384 1423
1424 1463
1464 1503
1504 1512
1514 1553
1554 1593
1594 1615
1620 1659
