from.id    from.cord  to.id      to.cord
     0            0     24      1200000
    26      1300000     56      2800000
    57      2850000     66      3300000
    67      3350000    106      5300000
   107      5350000    146      7300000
   147      7350000    186      9300000
   187      9350000    226     11300000
   227     11350000    266     13300000
   267     13350000    306     15300000
   313     15650000    319     15950000
   323     16150000    328     16400000
   333     16650000    339     16950000
   343     17150000    348     17400000
   372     18600000    391     19550000
   392     19600000    401     20050000
   409     20450000    415     20750000
   419     20950000    420     21000000
   421     21050000    422     21100000
   544     27200000    545     27250000
   549     27450000    588     29400000
   589     29450000    607     30350000
   609     30450000    616     30800000
   619     30950000    635     31750000
   636     31800000    645     32250000
   646     32300000    685     34250000
   686     34300000    720     36000000
   724     36200000    730     36500000
   734     36700000    751     37550000
   763     38150000    776     38800000
   777     38850000    801     40050000
   807     40350000    846     42300000
   847     42350000    859     42950000
   861     43050000    868     43400000
   871     43550000    903     45150000
   907     45350000    913     45650000
   917     45850000    918     45900000
   928     46400000    945     47250000
   947     47350000    953     47650000
   957     47850000    996     49800000
   997     49850000   1002     50100000
  1004     50200000   1043     52150000
  1044     52200000   1083     54150000
  1084     54200000   1123     56150000
  1124     56200000   1163     58150000
  1164     58200000   1193     59650000
  1196     59800000   1203     60150000
  1206     60300000   1239     61950000
  1240     62000000   1249     62450000
  1251     62550000   1290     64500000
  1295     64750000   1300     65000000
  1304     65200000   1343     67150000
  1344     67200000   1383     69150000
  1384     69200000   1423     71150000
  1424     71200000   1463     73150000
  1464     73200000   1503     75150000
  1504     75200000   1512     75600000
  1514     75700000   1553     77650000
  1554     77700000   1593     79650000
  1594     79700000   1615     80750000
  1620     81000000   1659     82950000
