from.id    from.cord  to.id      to.cord
     0            0     27      1350000
    28      1400000     67      3350000
    68      3400000    107      5350000
   108      5400000    147      7350000
   148      7400000    187      9350000
   188      9400000    227     11350000
   228     11400000    267     13350000
   268     13400000    303     15150000
   305     15250000    324     16200000
   326     16300000    327     16350000
   369     18450000    392     19600000
   393     19650000    398     19900000
   539     26950000    550     27500000
   551     27550000    590     29500000
   591     29550000    604     30200000
   605     30250000    619     30950000
   620     31000000    659     32950000
   660     33000000    699     34950000
   700     35000000    717     35850000
   720     36000000    734     36700000
   735     36750000    749     37450000
   752     37600000    777     38850000
   778     38900000    817     40850000
   818     40900000    856     42800000
   858     42900000    871     43550000
   872     43600000    900     45000000
   901     45050000    902     45100000
   904     45200000    943     47150000
   944     47200000    957     47850000
   958     47900000    997     49850000
   998     49900000   1037     51850000
  1038     51900000   1077     53850000
  1078     53900000   1117     55850000
  1118     55900000   1157     57850000
  1158     57900000   1191     59550000
  1193     59650000   1207     60350000
  1208     60400000   1247     62350000
  1248     62400000   1287     64350000
  1291     64550000   1304     65200000
  1305     65250000   1344     67200000
  1345     67250000   1384     69200000
  1385     69250000   1424     71200000
  1425     71250000   1464     73200000
  1465     73250000   1504     75200000
  1505     75250000   1544     77200000
  1545     77250000   1584     79200000
  1585     79250000   1612     80600000
  1613     80650000   1614     80700000
  1616     80800000   1655     82750000
