3 10
12 17
19 21
23 58
60 62
64 103
104 143
144 183
184 223
224 263
264 303
304 308
320 331
340 352
353 357
358 365
377 378
387 403
416 423
429 430
442 443
546 585
586 609
616 638
640 642
644 683
684 722
731 754
767 770
772 811
812 851
852 861
868 906
914 921
936 937
939 941
943 946
954 993
994 1033
1034 1073
1074 1113
1114 1153
1154 1193
1194 1196
1203 1242
1244 1246
1248 1287
1288 1293
1301 1340
1341 1380
1381 1420
1421 1460
1461 1500
1501 1540
1541 1580
1581 1618
1634 1636
1645 1647
1649 1654
1655 1660
