from.id    from.cord  to.id      to.cord
     0            0     25      1250000
    26      1300000     65      3250000
    66      3300000    105      5250000
   106      5300000    145      7250000
   146      7300000    185      9250000
   186      9300000    225     11250000
   226     11300000    265     13250000
   266     13300000    305     15250000
   309     15450000    310     15500000
   312     15600000    319     15950000
   324     16200000    328     16400000
   332     16600000    339     16950000
   342     17100000    343     17150000
   344     17200000    348     17400000
   349     17450000    388     19400000
   389     19450000    390     19500000
   391     19550000    400     20000000
   403     20150000    404     20200000
   408     20400000    415     20750000
   541     27050000    545     27250000
   549     27450000    588     29400000
   589     29450000    606     30300000
   608     30400000    617     30850000
   619     30950000    658     32900000
   659     32950000    698     34900000
   699     34950000    719     35950000
   723     36150000    730     36500000
   734     36700000    751     37550000
   762     38100000    775     38750000
   776     38800000    815     40750000
   816     40800000    855     42750000
   856     42800000    858     42900000
   860     43000000    869     43450000
   871     43550000    903     45150000
   906     45300000    914     45700000
   917     45850000    918     45900000
   930     46500000    954     47700000
   957     47850000    996     49800000
   997     49850000   1036     51800000
  1037     51850000   1076     53800000
  1077     53850000   1116     55800000
  1117     55850000   1156     57800000
  1157     57850000   1193     59650000
  1195     59750000   1204     60200000
  1246     62300000   1285     64250000
  1286     64300000   1290     64500000
  1293     64650000   1302     65100000
  1304     65200000   1343     67150000
  1344     67200000   1383     69150000
  1384     69200000   1423     71150000
  1424     71200000   1463     73150000
  1464     73200000   1503     75150000
  1504     75200000   1543     77150000
  1544     77200000   1583     79150000
  1584     79200000   1614     80700000
