from.id    from.cord  to.id      to.cord
     0            0     22      1100000
    23      1150000     62      3100000
    63      3150000    102      5100000
   103      5150000    142      7100000
   143      7150000    182      9100000
   183      9150000    222     11100000
   223     11150000    262     13100000
   263     13150000    302     15100000
   304     15200000    308     15400000
   312     15600000    351     17550000
   352     17600000    391     19550000
   541     27050000    548     27400000
   551     27550000    590     29500000
   591     29550000    630     31500000
   631     31550000    670     33500000
   671     33550000    710     35500000
   711     35550000    741     37050000
   742     37100000    743     37150000
   744     37200000    748     37400000
   749     37450000    778     38900000
   779     38950000    818     40900000
   819     40950000    858     42900000
   859     42950000    898     44900000
   899     44950000    907     45350000
   908     45400000    947     47350000
   952     47600000    991     49550000
   992     49600000   1031     51550000
  1032     51600000   1071     53550000
  1072     53600000   1111     55550000
  1112     55600000   1151     57550000
  1152     57600000   1191     59550000
  1192     59600000   1231     61550000
  1232     61600000   1271     63550000
  1272     63600000   1311     65550000
  1312     65600000   1351     67550000
  1352     67600000   1391     69550000
  1392     69600000   1431     71550000
  1432     71600000   1471     73550000
  1472     73600000   1511     75550000
  1512     75600000   1551     77550000
  1552     77600000   1591     79550000
  1592     79600000   1607     80350000
  1608     80400000   1647     82350000
