from.id    from.cord  to.id      to.cord
     0            0     28      1400000
    29      1450000     52      2600000
    54      2700000     55      2750000
    57      2850000     96      4800000
    97      4850000    136      6800000
   137      6850000    176      8800000
   177      8850000    216     10800000
   217     10850000    256     12800000
   257     12850000    296     14800000
   297     14850000    302     15100000
   304     15200000    343     17150000
   384     19200000    393     19650000
   394     19700000    397     19850000
   399     19950000    400     20000000
   541     27050000    551     27550000
   552     27600000    591     29550000
   592     29600000    602     30100000
   603     30150000    620     31000000
   621     31050000    660     33000000
   661     33050000    700     35000000
   701     35050000    716     35800000
   719     35950000    735     36750000
   736     36800000    748     37400000
   750     37500000    751     37550000
   752     37600000    778     38900000
   779     38950000    818     40900000
   819     40950000    855     42750000
   857     42850000    872     43600000
   873     43650000    899     44950000
   900     45000000    939     46950000
   940     47000000    958     47900000
   959     47950000    998     49900000
   999     49950000   1038     51900000
  1039     51950000   1078     53900000
  1079     53950000   1118     55900000
  1119     55950000   1158     57900000
  1159     57950000   1190     59500000
  1192     59600000   1208     60400000
  1209     60450000   1248     62400000
  1249     62450000   1287     64350000
  1290     64500000   1305     65250000
  1306     65300000   1345     67250000
  1346     67300000   1385     69250000
  1386     69300000   1425     71250000
  1426     71300000   1465     73250000
  1466     73300000   1505     75250000
  1506     75300000   1545     77250000
  1546     77300000   1585     79250000
  1586     79300000   1611     80550000
  1612     80600000   1651     82550000
