from.id    from.cord  to.id      to.cord
     3       150000     10       500000
    12       600000     17       850000
    19       950000     21      1050000
    23      1150000     58      2900000
    60      3000000     62      3100000
    64      3200000    103      5150000
   104      5200000    143      7150000
   144      7200000    183      9150000
   184      9200000    223     11150000
   224     11200000    263     13150000
   264     13200000    303     15150000
   304     15200000    308     15400000
   320     16000000    331     16550000
   340     17000000    352     17600000
   353     17650000    357     17850000
   358     17900000    365     18250000
   377     18850000    378     18900000
   387     19350000    403     20150000
   416     20800000    423     21150000
   429     21450000    430     21500000
   442     22100000    443     22150000
   546     27300000    585     29250000
   586     29300000    609     30450000
   616     30800000    638     31900000
   640     32000000    642     32100000
   644     32200000    683     34150000
   684     34200000    722     36100000
   731     36550000    754     37700000
   767     38350000    770     38500000
   772     38600000    811     40550000
   812     40600000    851     42550000
   852     42600000    861     43050000
   868     43400000    906     45300000
   914     45700000    921     46050000
   936     46800000    937     46850000
   939     46950000    941     47050000
   943     47150000    946     47300000
   954     47700000    993     49650000
   994     49700000   1033     51650000
  1034     51700000   1073     53650000
  1074     53700000   1113     55650000
  1114     55700000   1153     57650000
  1154     57700000   1193     59650000
  1194     59700000   1196     59800000
  1203     60150000   1242     62100000
  1244     62200000   1246     62300000
  1248     62400000   1287     64350000
  1288     64400000   1293     64650000
  1301     65050000   1340     67000000
  1341     67050000   1380     69000000
  1381     69050000   1420     71000000
  1421     71050000   1460     73000000
  1461     73050000   1500     75000000
  1501     75050000   1540     77000000
  1541     77050000   1580     79000000
  1581     79050000   1618     80900000
  1634     81700000   1636     81800000
  1645     82250000   1647     82350000
  1649     82450000   1654     82700000
  1655     82750000   1660     83000000
