from.id    from.cord  to.id      to.cord
     0            0     31      1550000
    32      1600000     71      3550000
    72      3600000    111      5550000
   112      5600000    151      7550000
   152      7600000    191      9550000
   192      9600000    231     11550000
   232     11600000    271     13550000
   272     13600000    292     14600000
   293     14650000    332     16600000
   508     25400000    547     27350000
   548     27400000    556     27800000
   559     27950000    598     29900000
   599     29950000    638     31900000
   639     31950000    678     33900000
   679     33950000    718     35900000
   719     35950000    733     36650000
   734     36700000    773     38650000
   774     38700000    789     39450000
   790     39500000    829     41450000
   830     41500000    869     43450000
   870     43500000    885     44250000
   886     44300000    889     44450000
   890     44500000    899     44950000
   900     45000000    939     46950000
   940     47000000    959     47950000
   960     48000000    999     49950000
  1000     50000000   1039     51950000
  1040     52000000   1079     53950000
  1080     54000000   1119     55950000
  1120     56000000   1159     57950000
  1200     60000000   1239     61950000
  1240     62000000   1279     63950000
  1280     64000000   1319     65950000
  1320     66000000   1359     67950000
  1360     68000000   1399     69950000
  1400     70000000   1439     71950000
  1440     72000000   1479     73950000
  1480     74000000   1519     75950000
  1520     76000000   1559     77950000
  1560     78000000   1598     79900000
  1599     79950000   1638     81900000
  1639     81950000   1655     82750000
