from.id    from.cord  to.id      to.cord
   189     18900000    208     20800000
   209     20900000    217     21700000
   218     21800000    237     23700000
   238     23800000    257     25700000
   258     25800000    277     27700000
   278     27800000    297     29700000
   298     29800000    317     31700000
   318     31800000    337     33700000
   338     33800000    357     35700000
   358     35800000    377     37700000
   378     37800000    397     39700000
   398     39800000    417     41700000
   418     41800000    437     43700000
   438     43800000    457     45700000
   458     45800000    477     47700000
   478     47800000    497     49700000
   501     50100000    506     50600000
