from.id    from.cord  to.id      to.cord
   160     16000000    173     17300000
   174     17400000    193     19300000
   214     21400000    220     22000000
   222     22200000    227     22700000
   230     23000000    249     24900000
   250     25000000    269     26900000
   270     27000000    289     28900000
   290     29000000    309     30900000
   310     31000000    329     32900000
   330     33000000    349     34900000
   350     35000000    369     36900000
   370     37000000    389     38900000
   390     39000000    409     40900000
   410     41000000    429     42900000
   430     43000000    449     44900000
   450     45000000    469     46900000
   470     47000000    489     48900000
   490     49000000    495     49500000
   498     49800000    506     50600000
