from.id    from.cord  to.id      to.cord
   160     16000000    173     17300000
   174     17400000    193     19300000
   214     21400000    230     23000000
   231     23100000    250     25000000
   251     25100000    270     27000000
   271     27100000    290     29000000
   291     29100000    310     31000000
   311     31100000    330     33000000
   331     33100000    350     35000000
   351     35100000    370     37000000
   371     37100000    390     39000000
   391     39100000    410     41000000
   411     41100000    430     43000000
   431     43100000    450     45000000
   451     45100000    470     47000000
   471     47100000    490     49000000
   491     49100000    495     49500000
   496     49600000    497     49700000
   498     49800000    506     50600000
