from.id    from.cord  to.id      to.cord
   188     18800000    200     20000000
   215     21500000    234     23400000
   255     25500000    274     27400000
   275     27500000    294     29400000
   295     29500000    314     31400000
   315     31500000    334     33400000
   335     33500000    354     35400000
   355     35500000    374     37400000
   375     37500000    394     39400000
   395     39500000    414     41400000
   415     41500000    434     43400000
   435     43500000    454     45400000
   455     45500000    474     47400000
   475     47500000    494     49400000
