from.id    from.cord  to.id      to.cord
   160     16000000    173     17300000
   174     17400000    193     19300000
   214     21400000    219     21900000
   220     22000000    224     22400000
   225     22500000    226     22600000
   247     24700000    266     26600000
   267     26700000    286     28600000
   287     28700000    306     30600000
   307     30700000    326     32600000
   327     32700000    346     34600000
   347     34700000    366     36600000
   367     36700000    386     38600000
   387     38700000    406     40600000
   407     40700000    426     42600000
   427     42700000    446     44600000
   447     44700000    466     46600000
   467     46700000    486     48600000
   487     48700000    496     49600000
   499     49900000    506     50600000
