from.id    from.cord  to.id      to.cord
   164     16400000    170     17000000
   188     18800000    199     19900000
   200     20000000    204     20400000
   206     20600000    208     20800000
   209     20900000    210     21000000
   216     21600000    235     23500000
   236     23600000    255     25500000
   256     25600000    275     27500000
   276     27600000    295     29500000
   296     29600000    315     31500000
   316     31600000    335     33500000
   336     33600000    355     35500000
   356     35600000    375     37500000
   376     37600000    395     39500000
   396     39600000    415     41500000
   416     41600000    435     43500000
   436     43600000    455     45500000
   456     45600000    475     47500000
   476     47600000    495     49500000
