from.id    from.cord  to.id      to.cord
   165     16500000    177     17700000
   189     18900000    193     19300000
   194     19400000    197     19700000
   202     20200000    218     21800000
   219     21900000    238     23800000
   239     23900000    245     24500000
   246     24600000    247     24700000
   248     24800000    267     26700000
   268     26800000    287     28700000
   288     28800000    307     30700000
   308     30800000    327     32700000
   328     32800000    347     34700000
   348     34800000    367     36700000
   368     36800000    387     38700000
   388     38800000    407     40700000
   408     40800000    427     42700000
   428     42800000    447     44700000
   448     44800000    467     46700000
   468     46800000    487     48700000
   488     48800000    501     50100000
