from.id    from.cord  to.id      to.cord
   186     18600000    205     20500000
   206     20600000    225     22500000
   226     22600000    245     24500000
   246     24600000    265     26500000
   266     26600000    285     28500000
   286     28600000    305     30500000
   306     30600000    325     32500000
   326     32600000    345     34500000
   346     34600000    365     36500000
   366     36600000    385     38500000
   386     38600000    405     40500000
   406     40600000    425     42500000
   426     42600000    445     44500000
   446     44600000    465     46500000
   466     46600000    485     48500000
   486     48600000    505     50500000
