from.id    from.cord  to.id      to.cord
   167     16700000    170     17000000
   171     17100000    178     17800000
   189     18900000    190     19000000
   191     19100000    198     19800000
   199     19900000    205     20500000
   206     20600000    208     20800000
   214     21400000    217     21700000
   218     21800000    236     23600000
   238     23800000    241     24100000
   242     24200000    243     24300000
   245     24500000    247     24700000
   248     24800000    251     25100000
   252     25200000    255     25500000
   256     25600000    275     27500000
   276     27600000    295     29500000
   296     29600000    315     31500000
   316     31600000    335     33500000
   336     33600000    355     35500000
   356     35600000    375     37500000
   376     37600000    395     39500000
   396     39600000    415     41500000
   416     41600000    435     43500000
   436     43600000    455     45500000
   456     45600000    475     47500000
   476     47600000    495     49500000
   496     49600000    504     50400000
