from.id    from.cord  to.id      to.cord
   188     18800000    207     20700000
   208     20800000    218     21800000
   219     21900000    238     23800000
   239     23900000    258     25800000
   259     25900000    278     27800000
   279     27900000    298     29800000
   299     29900000    318     31800000
   319     31900000    338     33800000
   339     33900000    358     35800000
   359     35900000    378     37800000
   379     37900000    398     39800000
   399     39900000    418     41800000
   419     41900000    438     43800000
   439     43900000    458     45800000
   459     45900000    478     47800000
   479     47900000    497     49700000
   500     50000000    506     50600000
