from.id    from.cord  to.id      to.cord
   753     18825000    832     20800000
   833     20825000    912     22800000
   913     22825000    992     24800000
   993     24825000   1072     26800000
  1073     26825000   1152     28800000
  1153     28825000   1232     30800000
  1233     30825000   1312     32800000
  1313     32825000   1392     34800000
  1393     34825000   1472     36800000
  1473     36825000   1552     38800000
  1553     38825000   1632     40800000
  1633     40825000   1712     42800000
  1713     42825000   1792     44800000
  1793     44825000   1872     46800000
  1873     46825000   1952     48800000
