from.id    from.cord  to.id      to.cord
   727     18175000    806     20150000
   807     20175000    886     22150000
   887     22175000    966     24150000
   967     24175000   1046     26150000
  1047     26175000   1126     28150000
  1127     28175000   1206     30150000
  1207     30175000   1286     32150000
  1287     32175000   1366     34150000
  1367     34175000   1446     36150000
  1447     36175000   1526     38150000
  1527     38175000   1606     40150000
  1607     40175000   1686     42150000
  1687     42175000   1766     44150000
  1767     44175000   1846     46150000
  1847     46175000   1926     48150000
  1927     48175000   2006     50150000
