from.id    from.cord  to.id      to.cord
   633     15825000    712     17800000
   713     17825000    792     19800000
   793     19825000    872     21800000
   873     21825000    952     23800000
   953     23825000   1032     25800000
  1033     25825000   1112     27800000
  1113     27825000   1192     29800000
  1193     29825000   1272     31800000
  1273     31825000   1352     33800000
  1353     33825000   1432     35800000
  1433     35825000   1512     37800000
  1513     37825000   1592     39800000
  1593     39825000   1672     41800000
  1673     41825000   1752     43800000
  1753     43825000   1832     45800000
  1833     45825000   1912     47800000
  1913     47825000   1992     49800000
