from.id    from.cord  to.id      to.cord
   752     18800000    831     20775000
   832     20800000    911     22775000
   912     22800000    991     24775000
   992     24800000   1071     26775000
  1072     26800000   1151     28775000
  1152     28800000   1231     30775000
  1232     30800000   1311     32775000
  1312     32800000   1391     34775000
  1392     34800000   1471     36775000
  1472     36800000   1551     38775000
  1552     38800000   1631     40775000
  1632     40800000   1711     42775000
  1712     42800000   1791     44775000
  1792     44800000   1871     46775000
  1872     46800000   1951     48775000
