from.id    from.cord  to.id      to.cord
   632     15800000    711     17775000
   712     17800000    791     19775000
   792     19800000    871     21775000
   872     21800000    951     23775000
   952     23800000   1031     25775000
  1032     25800000   1111     27775000
  1112     27800000   1191     29775000
  1192     29800000   1271     31775000
  1272     31800000   1351     33775000
  1352     33800000   1431     35775000
  1432     35800000   1511     37775000
  1512     37800000   1591     39775000
  1592     39800000   1671     41775000
  1672     41800000   1751     43775000
  1752     43800000   1831     45775000
  1832     45800000   1911     47775000
  1912     47800000   1991     49775000
