from.id    from.cord  to.id      to.cord
   749     18725000    828     20700000
   829     20725000    908     22700000
   909     22725000    988     24700000
   989     24725000   1068     26700000
  1069     26725000   1148     28700000
  1149     28725000   1228     30700000
  1229     30725000   1308     32700000
  1309     32725000   1388     34700000
  1389     34725000   1468     36700000
  1469     36725000   1548     38700000
  1549     38725000   1628     40700000
  1629     40725000   1708     42700000
  1709     42725000   1788     44700000
  1789     44725000   1868     46700000
  1869     46725000   1948     48700000
  1949     48725000   2028     50700000
