from.id    from.cord  to.id      to.cord
   808     20200000    887     22175000
   888     22200000    967     24175000
   968     24200000   1047     26175000
  1048     26200000   1127     28175000
  1128     28200000   1207     30175000
  1208     30200000   1287     32175000
  1288     32200000   1367     34175000
  1368     34200000   1447     36175000
  1448     36200000   1527     38175000
  1528     38200000   1607     40175000
  1608     40200000   1687     42175000
  1688     42200000   1767     44175000
  1768     44200000   1847     46175000
  1848     46200000   1927     48175000
  1928     48200000   2007     50175000
