from.id    from.cord  to.id      to.cord
   750     18750000    829     20725000
  1013     25325000   1092     27300000
  1093     27325000   1172     29300000
  1173     29325000   1252     31300000
  1253     31325000   1332     33300000
  1333     33325000   1412     35300000
  1413     35325000   1492     37300000
  1493     37325000   1572     39300000
  1573     39325000   1652     41300000
  1653     41325000   1732     43300000
  1733     43325000   1812     45300000
  1813     45325000   1892     47300000
  1893     47325000   1972     49300000
