from.id    from.cord  to.id      to.cord
   892     22300000    971     24275000
   972     24300000   1051     26275000
  1052     26300000   1131     28275000
  1132     28300000   1211     30275000
  1212     30300000   1291     32275000
  1292     32300000   1371     34275000
  1372     34300000   1451     36275000
  1452     36300000   1531     38275000
  1532     38300000   1611     40275000
  1612     40300000   1691     42275000
  1692     42300000   1771     44275000
  1772     44300000   1851     46275000
  1852     46300000   1931     48275000
  1932     48300000   2011     50275000
