from.id    from.cord  to.id      to.cord
   753     18825000    832     20800000
   856     21400000    935     23375000
  1016     25400000   1095     27375000
  1096     27400000   1175     29375000
  1176     29400000   1255     31375000
  1256     31400000   1335     33375000
  1336     33400000   1415     35375000
  1416     35400000   1495     37375000
  1496     37400000   1575     39375000
  1576     39400000   1655     41375000
  1656     41400000   1735     43375000
  1736     43400000   1815     45375000
  1816     45400000   1895     47375000
  1896     47400000   1975     49375000
