from.id    from.cord  to.id      to.cord
   636     15900000    715     17875000
   716     17900000    795     19875000
   796     19900000    875     21875000
   876     21900000    955     23875000
   956     23900000   1035     25875000
  1036     25900000   1115     27875000
  1116     27900000   1195     29875000
  1196     29900000   1275     31875000
  1276     31900000   1355     33875000
  1356     33900000   1435     35875000
  1436     35900000   1515     37875000
  1516     37900000   1595     39875000
  1596     39900000   1675     41875000
  1676     41900000   1755     43875000
  1756     43900000   1835     45875000
  1836     45900000   1915     47875000
  1916     47900000   1995     49875000
