from.id    from.cord  to.id      to.cord
     0            0     34      1700000
    35      1750000     74      3700000
    75      3750000    114      5700000
   115      5750000    154      7700000
   155      7750000    194      9700000
   195      9750000    234     11700000
   235     11750000    274     13700000
   275     13750000    314     15700000
   315     15750000    354     17700000
   355     17750000    394     19700000
   395     19750000    422     21100000
   423     21150000    462     23100000
   530     26500000    569     28450000
   570     28500000    572     28600000
   573     28650000    612     30600000
   613     30650000    652     32600000
   653     32650000    692     34600000
   693     34650000    732     36600000
   733     36650000    772     38600000
   773     38650000    812     40600000
   813     40650000    839     41950000
   840     42000000    879     43950000
   881     44050000    920     46000000
   921     46050000    960     48000000
   961     48050000   1000     50000000
  1001     50050000   1040     52000000
  1041     52050000   1080     54000000
  1081     54050000   1120     56000000
  1121     56050000   1158     57900000
  1159     57950000   1165     58250000
