from.id    from.cord  to.id      to.cord
     0            0     39      1950000
    40      2000000     79      3950000
    80      4000000    119      5950000
   120      6000000    155      7750000
   156      7800000    162      8100000
   163      8150000    202     10100000
   203     10150000    242     12100000
   243     12150000    282     14100000
   283     14150000    322     16100000
   323     16150000    362     18100000
   363     18150000    402     20100000
   403     20150000    417     20850000
   418     20900000    457     22850000
   533     26650000    572     28600000
   573     28650000    577     28850000
   578     28900000    617     30850000
   618     30900000    657     32850000
   658     32900000    697     34850000
   698     34900000    737     36850000
   738     36900000    777     38850000
   818     40900000    832     41600000
   833     41650000    872     43600000
   873     43650000    885     44250000
   886     44300000    925     46250000
   926     46300000    965     48250000
   966     48300000    979     48950000
   981     49050000   1020     51000000
  1021     51050000   1060     53000000
  1061     53050000   1100     55000000
  1101     55050000   1140     57000000
  1141     57050000   1153     57650000
  1156     57800000   1160     58000000
  1161     58050000   1164     58200000
  1165     58250000   1170     58500000
