from.id    from.cord  to.id      to.cord
     0            0     27      1350000
    28      1400000     29      1450000
    30      1500000     31      1550000
    32      1600000     71      3550000
    72      3600000    111      5550000
   112      5600000    151      7550000
   152      7600000    191      9550000
   192      9600000    231     11550000
   232     11600000    271     13550000
   272     13600000    311     15550000
   312     15600000    351     17550000
   352     17600000    391     19550000
   392     19600000    425     21250000
   426     21300000    465     23250000
   533     26650000    568     28400000
   569     28450000    608     30400000
   609     30450000    648     32400000
   649     32450000    688     34400000
   689     34450000    728     36400000
   729     36450000    768     38400000
   769     38450000    808     40400000
   809     40450000    841     42050000
   842     42100000    876     43800000
   877     43850000    916     45800000
   917     45850000    956     47800000
   957     47850000    996     49800000
   997     49850000   1036     51800000
  1037     51850000   1076     53800000
  1077     53850000   1116     55800000
  1117     55850000   1156     57800000
  1157     57850000   1162     58100000
  1163     58150000   1170     58500000
