from.id    from.cord  to.id      to.cord
   333     16650000    342     17100000
   344     17200000    359     17950000
   376     18800000    380     19000000
   382     19100000    395     19750000
   396     19800000    409     20450000
   412     20600000    415     20750000
   428     21400000    433     21650000
   434     21700000    441     22050000
   456     22800000    462     23100000
   463     23150000    464     23200000
   466     23300000    468     23400000
   470     23500000    475     23750000
   478     23900000    486     24300000
   496     24800000    501     25050000
   503     25150000    511     25550000
   513     25650000    552     27600000
   553     27650000    592     29600000
   593     29650000    632     31600000
   633     31650000    672     33600000
   673     33650000    712     35600000
   713     35650000    752     37600000
   753     37650000    763     38150000
   771     38550000    775     38750000
   783     39150000    822     41100000
   823     41150000    862     43100000
   863     43150000    902     45100000
   903     45150000    919     45950000
   921     46050000    960     48000000
   961     48050000    968     48400000
   976     48800000   1003     50150000
  1004     50200000   1006     50300000
  1007     50350000   1011     50550000
