from.id    from.cord  to.id      to.cord
   329     16450000    347     17350000
   370     18500000    380     19000000
   381     19050000    383     19150000
   384     19200000    386     19300000
   387     19350000    393     19650000
   394     19700000    432     21600000
   433     21650000    434     21700000
   435     21750000    438     21900000
   439     21950000    471     23550000
   472     23600000    480     24000000
   482     24100000    489     24450000
   492     24600000    497     24850000
   498     24900000    514     25700000
   515     25750000    554     27700000
   555     27750000    594     29700000
   595     29750000    634     31700000
   635     31750000    674     33700000
   675     33750000    714     35700000
   715     35750000    754     37700000
   755     37750000    794     39700000
   795     39750000    834     41700000
   835     41750000    874     43700000
   875     43750000    914     45700000
   915     45750000    954     47700000
   955     47750000    994     49700000
   995     49750000   1005     50250000
