from.id    from.cord  to.id      to.cord
   327     16350000    357     17850000
   358     17900000    360     18000000
   378     18900000    385     19250000
   426     21300000    444     22200000
   445     22250000    484     24200000
   485     24250000    487     24350000
   488     24400000    501     25050000
   502     25100000    541     27050000
   542     27100000    581     29050000
   582     29100000    621     31050000
   622     31100000    661     33050000
   662     33100000    701     35050000
   702     35100000    741     37050000
   742     37100000    781     39050000
   782     39100000    821     41050000
   822     41100000    861     43050000
   862     43100000    901     45050000
   902     45100000    941     47050000
   942     47100000    981     49050000
   982     49100000   1000     50000000
  1003     50150000   1014     50700000
