from.id    from.cord  to.id      to.cord
   328     16400000    344     17200000
   345     17250000    360     18000000
   372     18600000    381     19050000
   384     19200000    395     19750000
   396     19800000    432     21600000
   433     21650000    472     23600000
   473     23650000    476     23800000
   477     23850000    489     24450000
   490     24500000    498     24900000
   499     24950000    500     25000000
   502     25100000    512     25600000
   513     25650000    552     27600000
   553     27650000    592     29600000
   593     29650000    632     31600000
   633     31650000    672     33600000
   673     33650000    712     35600000
   713     35650000    752     37600000
   753     37650000    792     39600000
   793     39650000    832     41600000
   833     41650000    872     43600000
   873     43650000    912     45600000
   913     45650000    952     47600000
   953     47650000    992     49600000
   993     49650000   1008     50400000
  1009     50450000   1014     50700000
