from.id    from.cord  to.id      to.cord
   332     16600000    343     17150000
   345     17250000    358     17900000
   375     18750000    381     19050000
   383     19150000    394     19700000
   427     21350000    434     21700000
   435     21750000    440     22000000
   445     22250000    447     22350000
   448     22400000    449     22450000
   452     22600000    455     22750000
   457     22850000    461     23050000
   462     23100000    470     23500000
   471     23550000    474     23700000
   476     23800000    489     24450000
   493     24650000    495     24750000
   497     24850000    500     25000000
   502     25100000    512     25600000
   514     25700000    553     27650000
   554     27700000    593     29650000
   594     29700000    633     31650000
   634     31700000    673     33650000
   674     33700000    713     35650000
   714     35700000    753     37650000
   754     37700000    762     38100000
   767     38350000    769     38450000
   772     38600000    774     38700000
   779     38950000    783     39150000
   784     39200000    823     41150000
   824     41200000    863     43150000
   864     43200000    903     45150000
   904     45200000    918     45900000
   920     46000000    921     46050000
   923     46150000    962     48100000
   963     48150000    967     48350000
   972     48600000    976     48800000
   977     48850000   1001     50050000
  1002     50100000   1007     50350000
  1008     50400000   1010     50500000
