from.id    from.cord  to.id      to.cord
   329     16450000    351     17550000
   352     17600000    355     17750000
   405     20250000    442     22100000
   443     22150000    454     22700000
   455     22750000    457     22850000
   458     22900000    468     23400000
   509     25450000    517     25850000
   518     25900000    557     27850000
   558     27900000    597     29850000
   598     29900000    637     31850000
   638     31900000    677     33850000
   678     33900000    717     35850000
   718     35900000    757     37850000
   758     37900000    797     39850000
   798     39900000    837     41850000
   838     41900000    877     43850000
   878     43900000    917     45850000
   918     45900000    957     47850000
   958     47900000    997     49850000
   998     49900000   1003     50150000
