from.id    from.cord  to.id      to.cord
   328     16400000    355     17750000
   356     17800000    361     18050000
   378     18900000    384     19200000
   425     21250000    443     22150000
   444     22200000    483     24150000
   484     24200000    488     24400000
   489     24450000    500     25000000
   501     25050000    540     27000000
   541     27050000    580     29000000
   581     29050000    620     31000000
   621     31050000    660     33000000
   661     33050000    700     35000000
   701     35050000    740     37000000
   741     37050000    780     39000000
   781     39050000    820     41000000
   821     41050000    860     43000000
   861     43050000    900     45000000
   901     45050000    940     47000000
   941     47050000    980     49000000
   981     49050000   1001     50050000
