from.id    from.cord  to.id      to.cord
   331     16550000    345     17250000
   346     17300000    357     17850000
   374     18700000    383     19150000
   384     19200000    393     19650000
   394     19700000    433     21650000
   434     21700000    435     21750000
   436     21800000    441     22050000
   445     22250000    446     22300000
   447     22350000    450     22500000
   452     22600000    453     22650000
   454     22700000    457     22850000
   458     22900000    460     23000000
   461     23050000    471     23550000
   472     23600000    473     23650000
   474     23700000    490     24500000
   492     24600000    496     24800000
   497     24850000    500     25000000
   501     25050000    514     25700000
   515     25750000    554     27700000
   555     27750000    594     29700000
   595     29750000    634     31700000
   635     31750000    674     33700000
   675     33750000    714     35700000
   715     35750000    754     37700000
   755     37750000    763     38150000
   764     38200000    765     38250000
   767     38350000    768     38400000
   769     38450000    771     38550000
   772     38600000    774     38700000
   775     38750000    784     39200000
   785     39250000    824     41200000
   825     41250000    864     43200000
   865     43250000    904     45200000
   905     45250000    915     45750000
   918     45900000    919     45950000
   921     46050000    923     46150000
   924     46200000    963     48150000
   964     48200000    968     48400000
   969     48450000    970     48500000
   972     48600000    977     48850000
   978     48900000   1000     50000000
