from.id    from.cord  to.id      to.cord
   320     16000000    339     16950000
   340     17000000    362     18100000
   379     18950000    418     20900000
   419     20950000    450     22500000
   451     22550000    462     23100000
   465     23250000    468     23400000
   470     23500000    475     23750000
   476     23800000    481     24050000
   482     24100000    504     25200000
   505     25250000    544     27200000
   545     27250000    584     29200000
   585     29250000    624     31200000
   625     31250000    664     33200000
   665     33250000    704     35200000
   705     35250000    744     37200000
   745     37250000    784     39200000
   785     39250000    824     41200000
   825     41250000    864     43200000
   865     43250000    904     45200000
   905     45250000    944     47200000
   945     47250000    984     49200000
   985     49250000    994     49700000
   998     49900000   1014     50700000
