from.id    from.cord  to.id      to.cord
   342     17100000    347     17350000
   376     18800000    415     20750000
   416     20800000    450     22500000
   451     22550000    480     24000000
   481     24050000    496     24800000
   497     24850000    536     26800000
   537     26850000    576     28800000
   577     28850000    616     30800000
   617     30850000    656     32800000
   657     32850000    696     34800000
   697     34850000    736     36800000
   737     36850000    776     38800000
   777     38850000    816     40800000
   817     40850000    856     42800000
   857     42850000    896     44800000
   897     44850000    936     46800000
   937     46850000    976     48800000
   977     48850000    993     49650000
   994     49700000    995     49750000
