from.id    from.cord  to.id      to.cord
   328     16400000    349     17450000
   350     17500000    356     17800000
   365     18250000    388     19400000
   389     19450000    391     19550000
   392     19600000    431     21550000
   432     21600000    439     21950000
   442     22100000    469     23450000
   494     24700000    516     25800000
   517     25850000    556     27800000
   557     27850000    596     29800000
   597     29850000    636     31800000
   637     31850000    676     33800000
   677     33850000    716     35800000
   717     35850000    756     37800000
   757     37850000    796     39800000
   797     39850000    836     41800000
   837     41850000    876     43800000
   877     43850000    916     45800000
   917     45850000    956     47800000
   957     47850000    996     49800000
   997     49850000   1004     50200000
