from.id    from.cord  to.id      to.cord
   330     16500000    342     17100000
   374     18700000    381     19050000
   382     19100000    397     19850000
   398     19900000    399     19950000
   401     20050000    411     20550000
   412     20600000    416     20800000
   417     20850000    420     21000000
   424     21200000    433     21650000
   434     21700000    473     23650000
   474     23700000    478     23900000
   479     23950000    487     24350000
   488     24400000    503     25150000
   504     25200000    511     25550000
   512     25600000    551     27550000
   552     27600000    591     29550000
   592     29600000    631     31550000
   632     31600000    671     33550000
   672     33600000    711     35550000
   712     35600000    751     37550000
   752     37600000    791     39550000
   792     39600000    831     41550000
   832     41600000    871     43550000
   872     43600000    911     45550000
   912     45600000    951     47550000
   952     47600000    991     49550000
   992     49600000   1010     50500000
  1011     50550000   1012     50600000
