from.id    from.cord  to.id      to.cord
   327     16350000    346     17300000
   347     17350000    358     17900000
   370     18500000    384     19200000
   385     19250000    394     19700000
   395     19750000    433     21650000
   435     21750000    437     21850000
   438     21900000    473     23650000
   474     23700000    490     24500000
   491     24550000    497     24850000
   498     24900000    513     25650000
   514     25700000    553     27650000
   554     27700000    593     29650000
   594     29700000    633     31650000
   634     31700000    673     33650000
   674     33700000    713     35650000
   714     35700000    753     37650000
   754     37700000    793     39650000
   794     39700000    833     41650000
   834     41700000    873     43650000
   874     43700000    913     45650000
   914     45700000    953     47650000
   954     47700000    993     49650000
   994     49700000   1006     50300000
