from.id    from.cord  to.id      to.cord
   368     18400000    407     20350000
   408     20400000    446     22300000
   447     22350000    464     23200000
   466     23300000    471     23550000
   486     24300000    502     25100000
   503     25150000    542     27100000
   543     27150000    582     29100000
   583     29150000    622     31100000
   623     31150000    662     33100000
   663     33150000    702     35100000
   703     35150000    742     37100000
   743     37150000    782     39100000
   783     39150000    822     41100000
   823     41150000    862     43100000
   863     43150000    902     45100000
   903     45150000    942     47100000
   943     47150000    982     49100000
   983     49150000    999     49950000
  1003     50150000   1014     50700000
