from.id    from.cord  to.id      to.cord
   337     16850000    361     18050000
   382     19100000    385     19250000
   426     21300000    448     22400000
   449     22450000    462     23100000
   463     23150000    467     23350000
   468     23400000    469     23450000
   470     23500000    474     23700000
   475     23750000    482     24100000
   483     24150000    503     25150000
   504     25200000    543     27150000
   544     27200000    583     29150000
   584     29200000    623     31150000
   624     31200000    663     33150000
   664     33200000    703     35150000
   704     35200000    743     37150000
   744     37200000    783     39150000
   784     39200000    823     41150000
   824     41200000    863     43150000
   864     43200000    903     45150000
   904     45200000    943     47150000
   944     47200000    983     49150000
   984     49200000    997     49850000
  1000     50000000   1014     50700000
