from.id    from.cord  to.id      to.cord
   332     16600000    353     17650000
   379     18950000    383     19150000
   385     19250000    386     19300000
   427     21350000    440     22000000
   441     22050000    477     23850000
   480     24000000    491     24550000
   492     24600000    498     24900000
   499     24950000    538     26900000
   539     26950000    578     28900000
   579     28950000    618     30900000
   619     30950000    658     32900000
   659     32950000    698     34900000
   699     34950000    738     36900000
   739     36950000    778     38900000
   779     38950000    818     40900000
   819     40950000    858     42900000
   859     42950000    898     44900000
   899     44950000    938     46900000
   939     46950000    978     48900000
   979     48950000   1003     50150000
