from.id    from.cord  to.id      to.cord
   320     16000000    339     16950000
   377     18850000    416     20800000
   417     20850000    449     22450000
   450     22500000    481     24050000
   482     24100000    495     24750000
   498     24900000    537     26850000
   538     26900000    577     28850000
   578     28900000    617     30850000
   618     30900000    657     32850000
   658     32900000    697     34850000
   698     34900000    737     36850000
   738     36900000    777     38850000
   778     38900000    817     40850000
   818     40900000    857     42850000
   858     42900000    897     44850000
   898     44900000    937     46850000
   938     46900000    977     48850000
   978     48900000    994     49700000
   995     49750000    996     49800000
