from.id    from.cord  to.id      to.cord
   329     16450000    353     17650000
   405     20250000    440     22000000
   441     22050000    472     23600000
   474     23700000    477     23850000
   478     23900000    480     24000000
   481     24050000    490     24500000
   491     24550000    499     24950000
   500     25000000    539     26950000
   540     27000000    579     28950000
   580     29000000    619     30950000
   620     31000000    659     32950000
   660     33000000    699     34950000
   700     35000000    739     36950000
   780     39000000    819     40950000
   820     41000000    859     42950000
   860     43000000    899     44950000
   900     45000000    939     46950000
   940     47000000    979     48950000
   980     49000000   1003     50150000
  1004     50200000   1006     50300000
