from.id    from.cord  to.id      to.cord
   329     16450000    354     17700000
   355     17750000    362     18100000
   377     18850000    384     19200000
   425     21250000    441     22050000
   442     22100000    481     24050000
   482     24100000    489     24450000
   490     24500000    499     24950000
   500     25000000    539     26950000
   540     27000000    579     28950000
   580     29000000    619     30950000
   620     31000000    659     32950000
   660     33000000    699     34950000
   700     35000000    739     36950000
   780     39000000    819     40950000
   820     41000000    859     42950000
   860     43000000    899     44950000
   900     45000000    939     46950000
   940     47000000    979     48950000
   980     49000000   1002     50100000
  1005     50250000   1006     50300000
