8 18
21 25
26 32
33 37
38 43
44 51
52 85
86 90
91 170
171 250
251 278
279 283
284 328
329 333
334 346
347 358
359 438
439 518
519 598
599 678
679 734
735 739
740 819
820 832
833 837
838 865
866 870
873 883
884 890
891 911
914 919
920 939
940 944
945 952
953 957
958 964
1109 1118
1119 1198
1199 1278
1279 1358
1359 1438
1439 1447
1448 1454
1455 1487
1488 1493
1494 1573
1574 1592
1593 1597
1598 1631
1632 1636
1637 1657
1658 1662
1663 1673
1674 1678
1679 1706
1730 1737
1738 1775
1776 1780
1781 1860
1861 1913
1914 1919
1920 1958
1959 1963
1964 2000
2001 2007
2008 2062
2063 2067
2068 2147
2148 2166
2167 2171
2172 2187
2188 2195
2196 2227
2228 2232
2233 2277
2278 2282
2283 2340
