from.id    from.cord  to.id      to.cord
   204     20400000    222     22200000
   223     22300000    230     23000000
   231     23100000    250     25000000
   251     25100000    261     26100000
   262     26200000    281     28100000
   282     28200000    301     30100000
   302     30200000    321     32100000
   322     32200000    341     34100000
   342     34200000    361     36100000
   362     36200000    381     38100000
   382     38200000    401     40100000
   402     40200000    421     42100000
   422     42200000    441     44100000
   442     44200000    461     46100000
   462     46200000    481     48100000
   482     48200000    498     49800000
