from.id    from.cord  to.id      to.cord
     0            0     52      1300000
    53      1325000    117      2925000
   118      2950000    133      3325000
   134      3350000    213      5325000
   214      5350000    293      7325000
   294      7350000    373      9325000
   374      9350000    438     10950000
   439     10975000    465     11625000
   466     11650000    545     13625000
   546     13650000    611     15275000
   615     15375000    637     15925000
   644     16100000    657     16425000
   659     16475000    685     17125000
   686     17150000    690     17250000
   693     17325000    698     17450000
   748     18700000    780     19500000
   781     19525000    802     20050000
   805     20125000    812     20300000
  1073     26825000   1097     27425000
  1098     27450000   1177     29425000
  1178     29450000   1213     30325000
  1216     30400000   1237     30925000
  1238     30950000   1271     31775000
  1273     31825000   1293     32325000
  1294     32350000   1373     34325000
  1374     34350000   1437     35925000
  1438     35950000   1460     36500000
  1463     36575000   1466     36650000
  1467     36675000   1504     37600000
  1505     37625000   1514     37850000
  1529     38225000   1550     38750000
  1551     38775000   1630     40750000
  1631     40775000   1710     42750000
  1711     42775000   1719     42975000
  1721     43025000   1740     43500000
  1741     43525000   1805     45125000
  1806     45150000   1835     45875000
  1865     46625000   1909     47725000
  1914     47850000   1993     49825000
  1994     49850000   1995     49875000
  1996     49900000   2008     50200000
  2012     50300000   2015     50375000
  2016     50400000   2095     52375000
  2096     52400000   2175     54375000
  2176     54400000   2255     56375000
  2256     56400000   2335     58375000
  2336     58400000   2387     59675000
  2388     59700000   2415     60375000
  2497     62425000   2500     62500000
  2501     62525000   2580     64500000
  2582     64550000   2585     64625000
  2586     64650000   2600     65000000
  2606     65150000   2685     67125000
  2686     67150000   2765     69125000
  2766     69150000   2845     71125000
  2846     71150000   2925     73125000
  2926     73150000   3005     75125000
  3006     75150000   3018     75450000
  3019     75475000   3036     75900000
  3037     75925000   3116     77900000
  3117     77925000   3196     79900000
  3197     79925000   3223     80575000
  3224     80600000   3303     82575000
