0 54
55 115
116 135
136 215
216 295
296 375
376 434
435 467
468 547
548 609
613 647
648 654
655 734
735 785
786 800
801 809
1072 1099
1100 1179
1180 1210
1211 1239
1240 1269
1270 1295
1296 1375
1376 1435
1436 1468
1469 1503
1504 1512
1518 1554
1555 1634
1635 1714
1715 1717
1719 1742
1743 1803
1804 1846
1868 1916
1917 1990
1991 2017
2018 2097
2098 2177
2178 2257
2258 2337
2338 2385
2386 2417
2418 2489
2490 2502
2503 2579
2581 2607
2608 2687
2688 2767
2768 2847
2848 2927
2928 3007
3008 3012
3013 3038
3039 3118
3119 3165
3169 3177
3181 3221
3222 3301
