from.id    from.cord  to.id      to.cord
     0            0     25       625000
    26       650000     30       750000
    33       825000    112      2800000
   113      2825000    192      4800000
   193      4825000    272      6800000
   273      6825000    352      8800000
   353      8825000    432     10800000
   433     10825000    512     12800000
   513     12825000    592     14800000
   593     14825000    647     16175000
   648     16200000    651     16275000
   654     16350000    723     18075000
   724     18100000    791     19775000
  1077     26925000   1090     27250000
  1092     27300000   1171     29275000
  1172     29300000   1251     31275000
  1252     31300000   1331     33275000
  1332     33300000   1411     35275000
  1412     35300000   1491     37275000
  1492     37300000   1571     39275000
  1572     39300000   1651     41275000
  1732     43300000   1811     45275000
  1812     45300000   1834     45850000
  1855     46375000   1869     46725000
  1883     47075000   1962     49050000
  1963     49075000   2042     51050000
  2043     51075000   2122     53050000
  2123     53075000   2202     55050000
  2203     55075000   2282     57050000
  2283     57075000   2362     59050000
  2363     59075000   2442     61050000
  2443     61075000   2522     63050000
  2523     63075000   2602     65050000
  2603     65075000   2682     67050000
  2683     67075000   2762     69050000
  2763     69075000   2842     71050000
  2843     71075000   2922     73050000
  2923     73075000   3002     75050000
  3003     75075000   3082     77050000
  3083     77075000   3162     79050000
  3163     79075000   3233     80825000
  3234     80850000   3313     82825000
