2 31
33 49
50 87
90 114
116 135
137 185
189 268
269 348
349 428
429 433
435 467
468 547
548 559
560 573
575 613
642 659
676 688
689 692
771 780
781 805
824 846
1079 1092
1095 1105
1109 1188
1189 1216
1220 1237
1238 1273
1277 1287
1291 1370
1371 1438
1465 1507
1529 1550
1551 1605
1606 1620
1621 1662
1663 1669
1670 1721
1725 1735
1739 1801
1805 1808
1809 1831
1834 1841
1864 1887
1897 1904
1911 1990
1991 1996
1997 2012
2015 2094
2095 2174
2175 2254
2255 2334
2335 2375
2376 2390
2395 2415
2416 2483
2485 2495
2499 2578
2579 2583
2604 2683
2684 2763
2764 2843
2844 2923
2924 2988
2993 2998
2999 3017
3018 3040
3041 3118
3123 3132
3133 3161
3166 3184
3185 3199
3205 3226
3227 3306
