from.id    from.cord  to.id      to.cord
     0            0     22       550000
    23       575000    102      2550000
   103      2575000    182      4550000
   183      4575000    262      6550000
   263      6575000    342      8550000
   343      8575000    422     10550000
   423     10575000    502     12550000
   503     12575000    582     14550000
   583     14575000    662     16550000
   663     16575000    726     18150000
   740     18500000    780     19500000
  1077     26925000   1084     27100000
  1089     27225000   1168     29200000
  1169     29225000   1248     31200000
  1249     31225000   1328     33200000
  1329     33225000   1408     35200000
  1409     35225000   1488     37200000
  1489     37225000   1568     39200000
  1569     39225000   1648     41200000
  1649     41225000   1728     43200000
  1729     43225000   1808     45200000
  1809     45225000   1837     45925000
  1841     46025000   1847     46175000
  1848     46200000   1873     46825000
  1874     46850000   1879     46975000
  1880     47000000   1959     48975000
  1960     49000000   2039     50975000
  2040     51000000   2119     52975000
  2120     53000000   2199     54975000
  2200     55000000   2279     56975000
  2280     57000000   2359     58975000
  2360     59000000   2439     60975000
  2440     61000000   2519     62975000
  2520     63000000   2599     64975000
  2600     65000000   2679     66975000
  2680     67000000   2759     68975000
  2760     69000000   2839     70975000
  2840     71000000   2919     72975000
  2920     73000000   2999     74975000
  3000     75000000   3079     76975000
  3080     77000000   3159     78975000
  3160     79000000   3237     80925000
