from.id    from.cord  to.id      to.cord
     0            0     34       850000
    35       875000    114      2850000
   115      2875000    194      4850000
   195      4875000    274      6850000
   275      6875000    354      8850000
   355      8875000    434     10850000
   435     10875000    514     12850000
   515     12875000    594     14850000
   595     14875000    645     16125000
   646     16150000    655     16375000
   656     16400000    699     17475000
   700     17500000    710     17750000
   714     17850000    718     17950000
   719     17975000    798     19950000
  1077     26925000   1090     27250000
  1094     27350000   1173     29325000
  1174     29350000   1253     31325000
  1254     31350000   1333     33325000
  1334     33350000   1413     35325000
  1414     35350000   1493     37325000
  1494     37350000   1573     39325000
  1574     39350000   1653     41325000
  1654     41350000   1733     43325000
  1734     43350000   1813     45325000
  1814     45350000   1832     45800000
  1868     46700000   1884     47100000
  1885     47125000   1964     49100000
  1965     49125000   2044     51100000
  2045     51125000   2124     53100000
  2125     53125000   2204     55100000
  2205     55125000   2284     57100000
  2285     57125000   2364     59100000
  2365     59125000   2444     61100000
  2445     61125000   2524     63100000
  2525     63125000   2604     65100000
  2605     65125000   2684     67100000
  2685     67125000   2764     69100000
  2765     69125000   2844     71100000
  2845     71125000   2924     73100000
  2925     73125000   3004     75100000
  3005     75125000   3084     77100000
  3085     77125000   3164     79100000
  3165     79125000   3231     80775000
  3232     80800000   3311     82775000
