from.id    from.cord  to.id      to.cord
     5       125000     27       675000
    28       700000     36       900000
    37       925000     45      1125000
    46      1150000    117      2925000
   119      2975000    132      3300000
   134      3350000    213      5325000
   214      5350000    293      7325000
   294      7350000    373      9325000
   374      9350000    436     10900000
   438     10950000    445     11125000
   446     11150000    449     11225000
   450     11250000    458     11450000
   463     11575000    542     13550000
   543     13575000    562     14050000
   564     14100000    570     14250000
   572     14300000    616     15400000
   639     15975000    662     16550000
   679     16975000    699     17475000
   700     17500000    704     17600000
   706     17650000    716     17900000
   717     17925000    724     18100000
   771     19275000    777     19425000
   778     19450000    808     20200000
   829     20725000    839     20975000
   840     21000000    847     21175000
   851     21275000    861     21525000
  1082     27050000   1089     27225000
  1092     27300000   1171     29275000
  1172     29300000   1219     30475000
  1223     30575000   1233     30825000
  1235     30875000   1276     31900000
  1288     32200000   1367     34175000
  1368     34200000   1441     36025000
  1462     36550000   1510     37750000
  1534     38350000   1547     38675000
  1548     38700000   1610     40250000
  1616     40400000   1695     42375000
  1696     42400000   1724     43100000
  1728     43200000   1732     43300000
  1736     43400000   1812     45300000
  1819     45475000   1828     45700000
  1829     45725000   1844     46100000
  1869     46725000   1872     46800000
  1873     46825000   1876     46900000
  1879     46975000   1884     47100000
  1887     47175000   1894     47350000
  1908     47700000   1987     49675000
  1988     49700000   1999     49975000
  2000     50000000   2009     50225000
  2010     50250000   2089     52225000
  2090     52250000   2169     54225000
  2170     54250000   2249     56225000
  2250     56250000   2329     58225000
  2330     58250000   2378     59450000
  2379     59475000   2386     59650000
  2388     59700000   2394     59850000
  2398     59950000   2411     60275000
  2413     60325000   2485     62125000
  2488     62200000   2493     62325000
  2496     62400000   2575     64375000
  2576     64400000   2586     64650000
  2601     65025000   2680     67000000
  2681     67025000   2760     69000000
  2761     69025000   2840     71000000
  2841     71025000   2920     73000000
  2921     73025000   3000     75000000
  3001     75025000   3020     75500000
  3021     75525000   3029     75725000
  3030     75750000   3109     77725000
  3110     77750000   3189     79725000
  3190     79750000   3230     80750000
  3231     80775000   3273     81825000
  3275     81875000   3297     82425000
  3301     82525000   3309     82725000
