from.id    from.cord  to.id      to.cord
     0            0     45      1125000
    46      1150000    125      3125000
   126      3150000    205      5125000
   206      5150000    285      7125000
   286      7150000    365      9125000
   366      9150000    445     11125000
   446     11150000    525     13125000
   526     13150000    605     15125000
   630     15750000    675     16875000
   676     16900000    688     17200000
   769     19225000    848     21200000
  1077     26925000   1100     27500000
  1101     27525000   1106     27650000
  1109     27725000   1114     27850000
  1115     27875000   1194     29850000
  1195     29875000   1274     31850000
  1275     31875000   1354     33850000
  1355     33875000   1434     35850000
  1435     35875000   1481     37025000
  1484     37100000   1490     37250000
  1491     37275000   1556     38900000
  1557     38925000   1560     39000000
  1561     39025000   1640     41000000
  1641     41025000   1720     43000000
  1721     43025000   1800     45000000
  1801     45025000   1815     45375000
  1816     45400000   1895     47375000
  1904     47600000   1983     49575000
  1984     49600000   2063     51575000
  2064     51600000   2143     53575000
  2144     53600000   2223     55575000
  2224     55600000   2303     57575000
  2384     59600000   2463     61575000
  2464     61600000   2543     63575000
  2544     63600000   2623     65575000
  2624     65600000   2703     67575000
  2704     67600000   2783     69575000
  2784     69600000   2863     71575000
  2864     71600000   2943     73575000
  2944     73600000   3023     75575000
  3024     75600000   3103     77575000
  3104     77600000   3183     79575000
  3184     79600000   3213     80325000
  3214     80350000   3293     82325000
  3294     82350000   3318     82950000
