0 51
52 85
86 91
92 112
114 138
139 183
184 190
191 270
271 350
351 430
433 468
469 548
549 558
559 574
575 611
615 635
638 643
644 657
658 675
678 689
749 771
773 782
783 803
1075 1096
1097 1155
1157 1214
1218 1239
1240 1271
1275 1292
1293 1372
1373 1436
1438 1458
1461 1464
1467 1505
1528 1552
1553 1603
1604 1622
1623 1661
1663 1719
1723 1738
1741 1806
1807 1837
1859 1891
1894 1910
1913 1992
1993 1994
1995 2016
2017 2096
2097 2176
2177 2256
2257 2336
2337 2373
2374 2417
2418 2481
2482 2498
2501 2580
2586 2598
2600 2603
2606 2685
2686 2765
2766 2845
2846 2925
2926 2994
2998 3015
3016 3042
3043 3121
3122 3134
3135 3167
3168 3186
3187 3201
3203 3212
3214 3223
3224 3303
