from.id    from.cord  to.id      to.cord
    42      1050000    121      3025000
   122      3050000    201      5025000
   202      5050000    281      7025000
   282      7050000    361      9025000
   442     11050000    521     13025000
   522     13050000    601     15025000
   634     15850000    665     16625000
   666     16650000    693     17325000
   694     17350000    773     19325000
   774     19350000    808     20200000
  1077     26925000   1089     27225000
  1094     27350000   1102     27550000
  1106     27650000   1112     27800000
  1113     27825000   1192     29800000
  1193     29825000   1272     31800000
  1273     31825000   1352     33800000
  1353     33825000   1432     35800000
  1433     35825000   1504     37600000
  1505     37625000   1552     38800000
  1557     38925000   1636     40900000
  1637     40925000   1716     42900000
  1717     42925000   1796     44900000
  1820     45500000   1897     47425000
  1898     47450000   1977     49425000
  1978     49450000   2057     51425000
  2058     51450000   2137     53425000
  2138     53450000   2217     55425000
  2218     55450000   2297     57425000
  2298     57450000   2377     59425000
  2378     59450000   2457     61425000
  2458     61450000   2537     63425000
  2538     63450000   2617     65425000
  2618     65450000   2697     67425000
  2698     67450000   2777     69425000
  2778     69450000   2857     71425000
  2858     71450000   2937     73425000
  2938     73450000   3017     75425000
  3018     75450000   3097     77425000
  3098     77450000   3177     79425000
  3178     79450000   3218     80450000
  3219     80475000   3298     82450000
  3299     82475000   3320     83000000
