from.id    from.cord  to.id      to.cord
     0            0     51      1275000
    52      1300000    118      2950000
   119      2975000    132      3300000
   133      3325000    212      5300000
   213      5325000    292      7300000
   293      7325000    372      9300000
   373      9325000    439     10975000
   440     11000000    464     11600000
   465     11625000    544     13600000
   545     13625000    612     15300000
   616     15400000    637     15925000
   639     15975000    643     16075000
   644     16100000    658     16450000
   660     16500000    676     16900000
   679     16975000    684     17100000
   685     17125000    691     17275000
   693     17325000    699     17475000
   749     18725000    780     19500000
   781     19525000    803     20075000
   804     20100000    811     20275000
  1074     26850000   1096     27400000
  1097     27425000   1176     29400000
  1177     29425000   1214     30350000
  1215     30375000   1236     30900000
  1237     30925000   1272     31800000
  1274     31850000   1292     32300000
  1293     32325000   1372     34300000
  1373     34325000   1438     35950000
  1439     35975000   1459     36475000
  1462     36550000   1465     36625000
  1466     36650000   1505     37625000
  1506     37650000   1514     37850000
  1528     38200000   1549     38725000
  1550     38750000   1629     40725000
  1630     40750000   1709     42725000
  1710     42750000   1720     43000000
  1722     43050000   1739     43475000
  1740     43500000   1806     45150000
  1807     45175000   1834     45850000
  1835     45875000   1838     45950000
  1862     46550000   1892     47300000
  1894     47350000   1912     47800000
  1913     47825000   1992     49800000
  1993     49825000   1996     49900000
  1997     49925000   2008     50200000
  2009     50225000   2012     50300000
  2015     50375000   2094     52350000
  2095     52375000   2174     54350000
  2175     54375000   2254     56350000
  2255     56375000   2334     58350000
  2335     58375000   2388     59700000
  2389     59725000   2414     60350000
  2415     60375000   2489     62225000
  2490     62250000   2494     62350000
  2496     62400000   2499     62475000
  2500     62500000   2579     64475000
  2580     64500000   2582     64550000
  2587     64675000   2599     64975000
  2601     65025000   2604     65100000
  2605     65125000   2684     67100000
  2685     67125000   2764     69100000
  2765     69125000   2844     71100000
  2845     71125000   2924     73100000
  2925     73125000   3004     75100000
  3005     75125000   3017     75425000
  3020     75500000   3035     75875000
  3036     75900000   3115     77875000
  3116     77900000   3195     79875000
  3196     79900000   3224     80600000
  3225     80625000   3304     82600000
