0 51
52 118
119 132
133 212
213 292
293 372
373 439
440 464
465 544
545 612
616 637
639 643
644 658
660 676
679 684
685 691
693 699
749 780
781 803
804 811
1074 1096
1097 1176
1177 1214
1215 1236
1237 1272
1274 1292
1293 1372
1373 1438
1439 1459
1462 1465
1466 1505
1506 1514
1528 1549
1550 1629
1630 1709
1710 1720
1722 1739
1740 1806
1807 1834
1835 1838
1862 1892
1894 1912
1913 1992
1993 1996
1997 2008
2009 2012
2015 2094
2095 2174
2175 2254
2255 2334
2335 2388
2389 2414
2415 2489
2490 2494
2496 2499
2500 2579
2580 2582
2587 2599
2601 2604
2605 2684
2685 2764
2765 2844
2845 2924
2925 3004
3005 3017
3020 3035
3036 3115
3116 3195
3196 3224
3225 3304
