from.id    from.cord  to.id      to.cord
     0            0     53      1325000
    54      1350000    116      2900000
   117      2925000    134      3350000
   135      3375000    214      5350000
   215      5375000    294      7350000
   295      7375000    374      9350000
   375      9375000    437     10925000
   438     10950000    466     11650000
   467     11675000    546     13650000
   547     13675000    610     15250000
   614     15350000    646     16150000
   647     16175000    656     16400000
   658     16450000    686     17150000
   688     17200000    694     17350000
   696     17400000    775     19375000
   776     19400000    782     19550000
   783     19575000    801     20025000
  1073     26825000   1098     27450000
  1099     27475000   1178     29450000
  1179     29475000   1211     30275000
  1212     30300000   1238     30950000
  1239     30975000   1270     31750000
  1272     31800000   1294     32350000
  1295     32375000   1374     34350000
  1375     34375000   1436     35900000
  1437     35925000   1467     36675000
  1468     36700000   1503     37575000
  1504     37600000   1514     37850000
  1519     37975000   1552     38800000
  1553     38825000   1632     40800000
  1633     40825000   1712     42800000
  1713     42825000   1718     42950000
  1720     43000000   1741     43525000
  1742     43550000   1804     45100000
  1805     45125000   1884     47100000
  1885     47125000   1915     47875000
  1916     47900000   1994     49850000
  1995     49875000   2016     50400000
  2017     50425000   2096     52400000
  2097     52425000   2176     54400000
  2177     54425000   2256     56400000
  2257     56425000   2336     58400000
  2337     58425000   2386     59650000
  2387     59675000   2416     60400000
  2417     60425000   2489     62225000
  2490     62250000   2501     62525000
  2502     62550000   2580     64500000
  2585     64625000   2606     65150000
  2607     65175000   2686     67150000
  2687     67175000   2766     69150000
  2767     69175000   2846     71150000
  2847     71175000   2926     73150000
  2927     73175000   3006     75150000
  3007     75175000   3015     75375000
  3018     75450000   3037     75925000
  3038     75950000   3117     77925000
  3118     77950000   3169     79225000
  3170     79250000   3175     79375000
  3176     79400000   3222     80550000
  3223     80575000   3302     82550000
