from.id    from.cord  to.id      to.cord
     0            0     54      1350000
    55      1375000    115      2875000
   116      2900000    135      3375000
   136      3400000    215      5375000
   216      5400000    295      7375000
   296      7400000    375      9375000
   376      9400000    434     10850000
   435     10875000    467     11675000
   468     11700000    547     13675000
   548     13700000    609     15225000
   613     15325000    647     16175000
   648     16200000    654     16350000
   655     16375000    734     18350000
   735     18375000    785     19625000
   786     19650000    800     20000000
   801     20025000    809     20225000
  1072     26800000   1099     27475000
  1100     27500000   1179     29475000
  1180     29500000   1210     30250000
  1211     30275000   1239     30975000
  1240     31000000   1269     31725000
  1270     31750000   1295     32375000
  1296     32400000   1375     34375000
  1376     34400000   1435     35875000
  1436     35900000   1468     36700000
  1469     36725000   1503     37575000
  1504     37600000   1512     37800000
  1518     37950000   1554     38850000
  1555     38875000   1634     40850000
  1635     40875000   1714     42850000
  1715     42875000   1717     42925000
  1719     42975000   1742     43550000
  1743     43575000   1803     45075000
  1804     45100000   1846     46150000
  1868     46700000   1916     47900000
  1917     47925000   1990     49750000
  1991     49775000   2017     50425000
  2018     50450000   2097     52425000
  2098     52450000   2177     54425000
  2178     54450000   2257     56425000
  2258     56450000   2337     58425000
  2338     58450000   2385     59625000
  2386     59650000   2417     60425000
  2418     60450000   2489     62225000
  2490     62250000   2502     62550000
  2503     62575000   2579     64475000
  2581     64525000   2607     65175000
  2608     65200000   2687     67175000
  2688     67200000   2767     69175000
  2768     69200000   2847     71175000
  2848     71200000   2927     73175000
  2928     73200000   3007     75175000
  3008     75200000   3012     75300000
  3013     75325000   3038     75950000
  3039     75975000   3118     77950000
  3119     77975000   3165     79125000
  3169     79225000   3177     79425000
  3181     79525000   3221     80525000
  3222     80550000   3301     82525000
