from.id    from.cord  to.id      to.cord
     0            0     21       525000
    22       550000    101      2525000
   102      2550000    181      4525000
   182      4550000    261      6525000
   262      6550000    341      8525000
   342      8550000    421     10525000
   422     10550000    501     12525000
   502     12550000    581     14525000
   582     14550000    661     16525000
   662     16550000    727     18175000
   728     18200000    778     19450000
  1087     27175000   1166     29150000
  1167     29175000   1246     31150000
  1247     31175000   1326     33150000
  1327     33175000   1406     35150000
  1407     35175000   1486     37150000
  1487     37175000   1566     39150000
  1567     39175000   1646     41150000
  1647     41175000   1726     43150000
  1727     43175000   1806     45150000
  1807     45175000   1841     46025000
  1842     46050000   1846     46150000
  1847     46175000   1874     46850000
  1875     46875000   1878     46950000
  1879     46975000   1958     48950000
  1959     48975000   2038     50950000
  2039     50975000   2118     52950000
  2119     52975000   2198     54950000
  2199     54975000   2278     56950000
  2279     56975000   2358     58950000
  2359     58975000   2438     60950000
  2439     60975000   2518     62950000
  2519     62975000   2598     64950000
  2599     64975000   2678     66950000
  2679     66975000   2758     68950000
  2759     68975000   2838     70950000
  2839     70975000   2918     72950000
  2919     72975000   2998     74950000
  2999     74975000   3078     76950000
  3079     76975000   3158     78950000
  3159     78975000   3238     80950000
  3239     80975000   3318     82950000
