from.id    from.cord  to.id      to.cord
     0            0     45      1125000
    46      1150000    125      3125000
   126      3150000    205      5125000
   206      5150000    285      7125000
   286      7150000    365      9125000
   366      9150000    445     11125000
   446     11150000    525     13125000
   526     13150000    605     15125000
   630     15750000    675     16875000
   676     16900000    687     17175000
   768     19200000    847     21175000
  1077     26925000   1100     27500000
  1101     27525000   1105     27625000
  1108     27700000   1116     27900000
  1117     27925000   1196     29900000
  1197     29925000   1276     31900000
  1277     31925000   1356     33900000
  1357     33925000   1436     35900000
  1437     35925000   1479     36975000
  1480     37000000   1484     37100000
  1485     37125000   1491     37275000
  1492     37300000   1555     38875000
  1556     38900000   1559     38975000
  1561     39025000   1640     41000000
  1641     41025000   1720     43000000
  1721     43025000   1800     45000000
  1801     45025000   1813     45325000
  1814     45350000   1893     47325000
  1905     47625000   1984     49600000
  1985     49625000   2064     51600000
  2065     51625000   2144     53600000
  2145     53625000   2224     55600000
  2225     55625000   2304     57600000
  2305     57625000   2384     59600000
  2385     59625000   2464     61600000
  2465     61625000   2544     63600000
  2545     63625000   2624     65600000
  2625     65625000   2704     67600000
  2705     67625000   2784     69600000
  2785     69625000   2864     71600000
  2865     71625000   2944     73600000
  2945     73625000   3024     75600000
  3025     75625000   3104     77600000
  3105     77625000   3184     79600000
  3185     79625000   3212     80300000
  3293     82325000   3321     83025000
