from.id    from.cord  to.id      to.cord
     4       100000     28       700000
    29       725000     35       875000
    36       900000     47      1175000
    48      1200000    116      2900000
   118      2950000    133      3325000
   135      3375000    214      5350000
   215      5375000    294      7350000
   295      7375000    374      9350000
   375      9375000    435     10875000
   437     10925000    446     11150000
   449     11225000    459     11475000
   464     11600000    543     13575000
   544     13600000    561     14025000
   563     14075000    572     14300000
   573     14325000    615     15375000
   640     16000000    661     16525000
   676     16900000    682     17050000
   683     17075000    698     17450000
   699     17475000    717     17925000
   718     17950000    723     18075000
   770     19250000    778     19450000
   779     19475000    807     20175000
   828     20700000    842     21050000
   843     21075000    846     21150000
   850     21250000    862     21550000
  1080     27000000   1090     27250000
  1093     27325000   1172     29300000
  1173     29325000   1218     30450000
  1222     30550000   1234     30850000
  1236     30900000   1275     31875000
  1279     31975000   1285     32125000
  1289     32225000   1368     34200000
  1369     34225000   1440     36000000
  1463     36575000   1509     37725000
  1534     38350000   1548     38700000
  1549     38725000   1607     40175000
  1617     40425000   1696     42400000
  1697     42425000   1723     43075000
  1727     43175000   1733     43325000
  1737     43425000   1811     45275000
  1818     45450000   1829     45725000
  1830     45750000   1843     46075000
  1869     46725000   1873     46825000
  1875     46875000   1885     47125000
  1888     47200000   1893     47325000
  1909     47725000   1988     49700000
  1989     49725000   1998     49950000
  1999     49975000   2010     50250000
  2011     50275000   2090     52250000
  2091     52275000   2170     54250000
  2171     54275000   2250     56250000
  2251     56275000   2330     58250000
  2331     58275000   2377     59425000
  2378     59450000   2387     59675000
  2389     59725000   2393     59825000
  2397     59925000   2412     60300000
  2414     60350000   2484     62100000
  2487     62175000   2494     62350000
  2497     62425000   2576     64400000
  2577     64425000   2585     64625000
  2602     65050000   2681     67025000
  2682     67050000   2761     69025000
  2762     69050000   2841     71025000
  2842     71050000   2921     73025000
  2922     73050000   3001     75025000
  3002     75050000   3019     75475000
  3020     75500000   3030     75750000
  3031     75775000   3110     77750000
  3111     77775000   3129     78225000
  3131     78275000   3172     79300000
  3174     79350000   3181     79525000
  3183     79575000   3229     80725000
  3230     80750000   3302     82550000
  3303     82575000   3306     82650000
