from.id    from.cord  to.id      to.cord
     3        75000     82      2050000
    83      2075000    162      4050000
   163      4075000    242      6050000
   243      6075000    322      8050000
   323      8075000    402     10050000
   403     10075000    482     12050000
   483     12075000    562     14050000
   563     14075000    642     16050000
   643     16075000    722     18050000
   768     19200000    847     21175000
  1077     26925000   1156     28900000
  1157     28925000   1236     30900000
  1237     30925000   1316     32900000
  1317     32925000   1396     34900000
  1397     34925000   1476     36900000
  1477     36925000   1556     38900000
  1557     38925000   1636     40900000
  1637     40925000   1716     42900000
  1717     42925000   1796     44900000
  1797     44925000   1876     46900000
  1877     46925000   1956     48900000
  1957     48925000   2036     50900000
  2037     50925000   2116     52900000
  2117     52925000   2196     54900000
  2197     54925000   2276     56900000
  2277     56925000   2356     58900000
  2357     58925000   2436     60900000
  2437     60925000   2516     62900000
  2597     64925000   2676     66900000
  2677     66925000   2756     68900000
  2757     68925000   2836     70900000
  2837     70925000   2916     72900000
  2917     72925000   2996     74900000
  2997     74925000   3076     76900000
  3077     76925000   3156     78900000
  3157     78925000   3236     80900000
  3237     80925000   3248     81200000
  3249     81225000   3276     81900000
  3277     81925000   3325     83125000
