from.id    from.cord  to.id      to.cord
     0            0     35       875000
    36       900000    115      2875000
   116      2900000    195      4875000
   196      4900000    275      6875000
   276      6900000    355      8875000
   356      8900000    435     10875000
   436     10900000    515     12875000
   516     12900000    595     14875000
   596     14900000    641     16025000
   645     16125000    659     16475000
   660     16500000    698     17450000
   699     17475000    714     17850000
   718     17950000    797     19925000
   798     19950000    799     19975000
  1077     26925000   1089     27225000
  1094     27350000   1173     29325000
  1174     29350000   1253     31325000
  1254     31350000   1333     33325000
  1334     33350000   1413     35325000
  1414     35350000   1493     37325000
  1494     37350000   1573     39325000
  1574     39350000   1653     41325000
  1654     41350000   1733     43325000
  1734     43350000   1813     45325000
  1814     45350000   1831     45775000
  1866     46650000   1885     47125000
  1886     47150000   1965     49125000
  1966     49150000   2045     51125000
  2046     51150000   2125     53125000
  2126     53150000   2205     55125000
  2206     55150000   2285     57125000
  2286     57150000   2365     59125000
  2366     59150000   2445     61125000
  2446     61150000   2525     63125000
  2526     63150000   2605     65125000
  2606     65150000   2685     67125000
  2686     67150000   2765     69125000
  2766     69150000   2845     71125000
  2846     71150000   2925     73125000
  2926     73150000   3005     75125000
  3006     75150000   3085     77125000
  3086     77150000   3165     79125000
  3166     79150000   3230     80750000
  3231     80775000   3310     82750000
