from.id    from.cord  to.id      to.cord
     0            0     24       600000
    25       625000    104      2600000
   105      2625000    184      4600000
   185      4625000    264      6600000
   265      6625000    344      8600000
   345      8625000    424     10600000
   425     10625000    504     12600000
   505     12625000    584     14600000
   585     14625000    649     16225000
   651     16275000    724     18100000
   725     18125000    733     18325000
   738     18450000    790     19750000
  1077     26925000   1088     27200000
  1091     27275000   1170     29250000
  1171     29275000   1250     31250000
  1251     31275000   1330     33250000
  1331     33275000   1410     35250000
  1411     35275000   1490     37250000
  1491     37275000   1570     39250000
  1571     39275000   1650     41250000
  1731     43275000   1810     45250000
  1811     45275000   1835     45875000
  1854     46350000   1870     46750000
  1882     47050000   1961     49025000
  1962     49050000   2041     51025000
  2042     51050000   2121     53025000
  2122     53050000   2201     55025000
  2202     55050000   2281     57025000
  2282     57050000   2361     59025000
  2362     59050000   2441     61025000
  2442     61050000   2521     63025000
  2522     63050000   2601     65025000
  2602     65050000   2681     67025000
  2682     67050000   2761     69025000
  2762     69050000   2841     71025000
  2842     71050000   2921     73025000
  2922     73050000   3001     75025000
  3002     75050000   3081     77025000
  3082     77050000   3161     79025000
  3162     79050000   3234     80850000
  3235     80875000   3314     82850000
