from.id    from.cord  to.id      to.cord
    24       600000    103      2575000
   104      2600000    183      4575000
   184      4600000    263      6575000
   264      6600000    343      8575000
   344      8600000    423     10575000
   424     10600000    503     12575000
   504     12600000    583     14575000
   584     14600000    620     15500000
   621     15525000    637     15925000
   638     15950000    717     17925000
   718     17950000    720     18000000
   721     18025000    727     18175000
   753     18825000    773     19325000
   830     20750000    839     20975000
  1074     26850000   1094     27350000
  1095     27375000   1174     29350000
  1175     29375000   1254     31350000
  1255     31375000   1334     33350000
  1335     33375000   1414     35350000
  1415     35375000   1494     37350000
  1531     38275000   1534     38350000
  1537     38425000   1616     40400000
  1617     40425000   1696     42400000
  1697     42425000   1776     44400000
  1858     46450000   1871     46775000
  1872     46800000   1951     48775000
  1952     48800000   2031     50775000
  2032     50800000   2111     52775000
  2112     52800000   2191     54775000
  2192     54800000   2271     56775000
  2272     56800000   2351     58775000
  2352     58800000   2431     60775000
  2432     60800000   2511     62775000
  2592     64800000   2671     66775000
  2672     66800000   2751     68775000
  2752     68800000   2831     70775000
  2832     70800000   2911     72775000
  2912     72800000   2991     74775000
  2992     74800000   3071     76775000
  3072     76800000   3151     78775000
  3152     78800000   3231     80775000
  3232     80800000   3233     80825000
  3234     80850000   3294     82350000
  3295     82375000   3309     82725000
