0 53
54 116
117 134
135 214
215 294
295 374
375 437
438 466
467 546
547 610
614 646
647 656
658 686
688 694
696 775
776 782
783 801
1073 1098
1099 1178
1179 1211
1212 1238
1239 1270
1272 1294
1295 1374
1375 1436
1437 1467
1468 1503
1504 1514
1519 1552
1553 1632
1633 1712
1713 1718
1720 1741
1742 1804
1805 1884
1885 1915
1916 1994
1995 2016
2017 2096
2097 2176
2177 2256
2257 2336
2337 2386
2387 2416
2417 2489
2490 2501
2502 2580
2585 2606
2607 2686
2687 2766
2767 2846
2847 2926
2927 3006
3007 3015
3018 3037
3038 3117
3118 3169
3170 3175
3176 3222
3223 3302
