from.id    from.cord  to.id      to.cord
     0            0     47      1175000
    48      1200000    127      3175000
   128      3200000    207      5175000
   208      5200000    287      7175000
   288      7200000    367      9175000
   368      9200000    437     10925000
   438     10950000    465     11625000
   466     11650000    545     13625000
   546     13650000    601     15025000
   602     15050000    681     17025000
   762     19050000    841     21025000
  1082     27050000   1109     27725000
  1110     27750000   1189     29725000
  1190     29750000   1202     30050000
  1203     30075000   1247     31175000
  1248     31200000   1327     33175000
  1328     33200000   1407     35175000
  1408     35200000   1428     35700000
  1433     35825000   1478     36950000
  1479     36975000   1496     37400000
  1503     37575000   1562     39050000
  1563     39075000   1642     41050000
  1643     41075000   1722     43050000
  1723     43075000   1739     43475000
  1743     43575000   1752     43800000
  1753     43825000   1795     44875000
  1796     44900000   1875     46875000
  1876     46900000   1924     48100000
  1925     48125000   2004     50100000
  2005     50125000   2084     52100000
  2085     52125000   2164     54100000
  2165     54125000   2244     56100000
  2245     56125000   2324     58100000
  2325     58125000   2379     59475000
  2380     59500000   2423     60575000
  2424     60600000   2503     62575000
  2504     62600000   2572     64300000
  2573     64325000   2615     65375000
  2616     65400000   2695     67375000
  2696     67400000   2775     69375000
  2776     69400000   2855     71375000
  2856     71400000   2935     73375000
  2936     73400000   3015     75375000
  3016     75400000   3095     77375000
  3096     77400000   3175     79375000
  3176     79400000   3216     80400000
  3217     80425000   3296     82400000
