from.id    from.cord  to.id      to.cord
     0            0     36       900000
    37       925000    116      2900000
   117      2925000    196      4900000
   197      4925000    276      6900000
   277      6925000    356      8900000
   357      8925000    436     10900000
   437     10925000    516     12900000
   517     12925000    596     14900000
   597     14925000    615     15375000
   616     15400000    643     16075000
   644     16100000    680     17000000
   681     17025000    684     17100000
   685     17125000    713     17825000
   714     17850000    779     19475000
   780     19500000    810     20250000
  1077     26925000   1102     27550000
  1103     27575000   1182     29550000
  1183     29575000   1262     31550000
  1263     31575000   1342     33550000
  1343     33575000   1422     35550000
  1423     35575000   1445     36125000
  1446     36150000   1464     36600000
  1465     36625000   1513     37825000
  1518     37950000   1547     38675000
  1548     38700000   1627     40675000
  1628     40700000   1707     42675000
  1708     42700000   1787     44675000
  1788     44700000   1807     45175000
  1808     45200000   1841     46025000
  1842     46050000   1848     46200000
  1849     46225000   1894     47350000
  1895     47375000   1974     49350000
  1975     49375000   2054     51350000
  2055     51375000   2134     53350000
  2135     53375000   2214     55350000
  2215     55375000   2294     57350000
  2295     57375000   2374     59350000
  2375     59375000   2454     61350000
  2455     61375000   2534     63350000
  2535     63375000   2614     65350000
  2615     65375000   2694     67350000
  2695     67375000   2774     69350000
  2775     69375000   2854     71350000
  2855     71375000   2934     73350000
  2935     73375000   3014     75350000
  3015     75375000   3094     77350000
  3095     77375000   3174     79350000
  3175     79375000   3226     80650000
  3227     80675000   3306     82650000
