from.id    from.cord  to.id      to.cord
     4       100000     83      2075000
    84      2100000    163      4075000
   164      4100000    243      6075000
   244      6100000    323      8075000
   324      8100000    403     10075000
   404     10100000    483     12075000
   484     12100000    563     14075000
   564     14100000    643     16075000
   644     16100000    723     18075000
   769     19225000    844     21100000
   845     21125000    848     21200000
  1077     26925000   1156     28900000
  1157     28925000   1236     30900000
  1237     30925000   1316     32900000
  1317     32925000   1396     34900000
  1397     34925000   1476     36900000
  1477     36925000   1556     38900000
  1557     38925000   1636     40900000
  1637     40925000   1716     42900000
  1717     42925000   1796     44900000
  1797     44925000   1876     46900000
  1877     46925000   1956     48900000
  1957     48925000   2036     50900000
  2037     50925000   2116     52900000
  2117     52925000   2196     54900000
  2197     54925000   2276     56900000
  2277     56925000   2356     58900000
  2357     58925000   2436     60900000
  2437     60925000   2516     62900000
  2597     64925000   2676     66900000
  2677     66925000   2756     68900000
  2757     68925000   2836     70900000
  2837     70925000   2916     72900000
  2917     72925000   2996     74900000
  2997     74925000   3076     76900000
  3077     76925000   3156     78900000
  3157     78925000   3236     80900000
  3248     81200000   3277     81925000
  3278     81950000   3311     82775000
