from.id    from.cord  to.id      to.cord
     1        25000     51      1275000
    52      1300000     86      2150000
    87      2175000     90      2250000
    91      2275000    113      2825000
   115      2875000    137      3425000
   138      3450000    184      4600000
   185      4625000    191      4775000
   192      4800000    271      6775000
   272      6800000    351      8775000
   352      8800000    431     10775000
   433     10825000    468     11700000
   469     11725000    548     13700000
   549     13725000    558     13950000
   559     13975000    575     14375000
   576     14400000    612     15300000
   637     15925000    642     16050000
   643     16075000    658     16450000
   659     16475000    662     16550000
   677     16925000    690     17250000
   749     18725000    770     19250000
   773     19325000    781     19525000
   784     19600000    804     20100000
  1078     26950000   1093     27325000
  1096     27400000   1102     27550000
  1103     27575000   1110     27750000
  1111     27775000   1155     28875000
  1158     28950000   1215     30375000
  1219     30475000   1238     30950000
  1239     30975000   1272     31800000
  1276     31900000   1289     32225000
  1292     32300000   1371     34275000
  1372     34300000   1437     35925000
  1460     36500000   1463     36575000
  1466     36650000   1506     37650000
  1528     38200000   1551     38775000
  1552     38800000   1604     40100000
  1605     40125000   1621     40525000
  1622     40550000   1661     41525000
  1662     41550000   1671     41775000
  1672     41800000   1720     43000000
  1724     43100000   1737     43425000
  1740     43500000   1800     45000000
  1801     45025000   1805     45125000
  1808     45200000   1837     45925000
  1863     46575000   1888     47200000
  1896     47400000   1909     47725000
  1916     47900000   1993     49825000
  1996     49900000   2015     50375000
  2016     50400000   2029     50725000
  2032     50800000   2111     52775000
  2112     52800000   2191     54775000
  2192     54800000   2271     56775000
  2272     56800000   2351     58775000
  2352     58800000   2374     59350000
  2375     59375000   2391     59775000
  2394     59850000   2416     60400000
  2417     60425000   2481     62025000
  2484     62100000   2497     62425000
  2500     62500000   2579     64475000
  2580     64500000   2582     64550000
  2588     64700000   2597     64925000
  2599     64975000   2604     65100000
  2605     65125000   2684     67100000
  2685     67125000   2764     69100000
  2765     69125000   2844     71100000
  2845     71125000   2924     73100000
  2925     73125000   2987     74675000
  2988     74700000   3000     75000000
  3001     75025000   3015     75375000
  3016     75400000   3041     76025000
  3042     76050000   3095     77375000
  3097     77425000   3116     77900000
  3120     78000000   3133     78325000
  3134     78350000   3160     79000000
  3161     79025000   3186     79650000
  3187     79675000   3195     79875000
  3196     79900000   3205     80125000
  3209     80225000   3212     80300000
  3213     80325000   3224     80600000
  3225     80625000   3304     82600000
