0 39
40 119
120 199
200 279
280 359
360 439
440 443
444 457
458 537
538 609
610 644
645 658
659 690
691 695
696 702
703 707
708 783
784 802
803 809
1074 1101
1102 1181
1182 1210
1211 1239
1240 1319
1320 1399
1400 1435
1441 1467
1468 1507
1510 1513
1514 1554
1555 1634
1635 1714
1715 1734
1735 1740
1741 1804
1807 1886
1887 1914
1915 1994
1995 2074
2075 2154
2155 2234
2235 2314
2315 2387
2388 2416
2417 2496
2497 2576
2577 2580
2581 2608
2609 2688
2689 2768
2769 2848
2849 2928
2929 3008
3009 3088
3089 3168
3169 3225
3226 3305
