from.id    from.cord  to.id      to.cord
     0            0     13       325000
    19       475000     98      2450000
    99      2475000    178      4450000
   179      4475000    258      6450000
   259      6475000    338      8450000
   339      8475000    418     10450000
   419     10475000    498     12450000
   499     12475000    578     14450000
   579     14475000    658     16450000
   659     16475000    731     18275000
   732     18300000    774     19350000
   775     19375000    830     20750000
  1085     27125000   1164     29100000
  1165     29125000   1244     31100000
  1245     31125000   1324     33100000
  1325     33125000   1404     35100000
  1405     35125000   1484     37100000
  1485     37125000   1564     39100000
  1565     39125000   1644     41100000
  1645     41125000   1724     43100000
  1725     43125000   1804     45100000
  1805     45125000   1884     47100000
  1885     47125000   1964     49100000
  1965     49125000   2044     51100000
  2045     51125000   2124     53100000
  2125     53125000   2204     55100000
  2205     55125000   2284     57100000
  2285     57125000   2364     59100000
  2365     59125000   2444     61100000
  2445     61125000   2524     63100000
  2525     63125000   2604     65100000
  2605     65125000   2684     67100000
  2685     67125000   2764     69100000
  2765     69125000   2844     71100000
  2845     71125000   2924     73100000
  2925     73125000   3004     75100000
  3005     75125000   3084     77100000
  3085     77125000   3164     79100000
  3165     79125000   3242     81050000
  3284     82100000   3291     82275000
