from.id    from.cord  to.id      to.cord
     0            0     51      1275000
    52      1300000     85      2125000
    86      2150000     91      2275000
    92      2300000    112      2800000
   114      2850000    138      3450000
   139      3475000    183      4575000
   184      4600000    190      4750000
   191      4775000    270      6750000
   271      6775000    350      8750000
   351      8775000    430     10750000
   433     10825000    468     11700000
   469     11725000    548     13700000
   549     13725000    558     13950000
   559     13975000    574     14350000
   575     14375000    611     15275000
   615     15375000    635     15875000
   638     15950000    643     16075000
   644     16100000    657     16425000
   658     16450000    675     16875000
   678     16950000    689     17225000
   749     18725000    771     19275000
   773     19325000    782     19550000
   783     19575000    803     20075000
  1075     26875000   1096     27400000
  1097     27425000   1155     28875000
  1157     28925000   1214     30350000
  1218     30450000   1239     30975000
  1240     31000000   1271     31775000
  1275     31875000   1292     32300000
  1293     32325000   1372     34300000
  1373     34325000   1436     35900000
  1438     35950000   1458     36450000
  1461     36525000   1464     36600000
  1467     36675000   1505     37625000
  1528     38200000   1552     38800000
  1553     38825000   1603     40075000
  1604     40100000   1622     40550000
  1623     40575000   1661     41525000
  1663     41575000   1719     42975000
  1723     43075000   1738     43450000
  1741     43525000   1806     45150000
  1807     45175000   1837     45925000
  1859     46475000   1891     47275000
  1894     47350000   1910     47750000
  1913     47825000   1992     49800000
  1993     49825000   1994     49850000
  1995     49875000   2016     50400000
  2017     50425000   2096     52400000
  2097     52425000   2176     54400000
  2177     54425000   2256     56400000
  2257     56425000   2336     58400000
  2337     58425000   2373     59325000
  2374     59350000   2417     60425000
  2418     60450000   2481     62025000
  2482     62050000   2498     62450000
  2501     62525000   2580     64500000
  2586     64650000   2598     64950000
  2600     65000000   2603     65075000
  2606     65150000   2685     67125000
  2686     67150000   2765     69125000
  2766     69150000   2845     71125000
  2846     71150000   2925     73125000
  2926     73150000   2994     74850000
  2998     74950000   3015     75375000
  3016     75400000   3042     76050000
  3043     76075000   3121     78025000
  3122     78050000   3134     78350000
  3135     78375000   3167     79175000
  3168     79200000   3186     79650000
  3187     79675000   3201     80025000
  3203     80075000   3212     80300000
  3214     80350000   3223     80575000
  3224     80600000   3303     82575000
