from.id    from.cord  to.id      to.cord
     0            0     46      1150000
    47      1175000    126      3150000
   127      3175000    206      5150000
   207      5175000    286      7150000
   287      7175000    366      9150000
   367      9175000    446     11150000
   447     11175000    526     13150000
   527     13175000    606     15150000
   629     15725000    708     17700000
   709     17725000    788     19700000
  1077     26925000   1088     27200000
  1090     27250000   1097     27425000
  1098     27450000   1103     27575000
  1107     27675000   1116     27900000
  1117     27925000   1196     29900000
  1197     29925000   1276     31900000
  1277     31925000   1356     33900000
  1357     33925000   1436     35900000
  1437     35925000   1479     36975000
  1480     37000000   1486     37150000
  1487     37175000   1493     37325000
  1499     37475000   1553     38825000
  1554     38850000   1557     38925000
  1558     38950000   1561     39025000
  1562     39050000   1641     41025000
  1642     41050000   1721     43025000
  1722     43050000   1801     45025000
  1802     45050000   1812     45300000
  1813     45325000   1892     47300000
  1893     47325000   1904     47600000
  1905     47625000   1984     49600000
  1985     49625000   2064     51600000
  2065     51625000   2144     53600000
  2145     53625000   2224     55600000
  2225     55625000   2304     57600000
  2305     57625000   2384     59600000
  2385     59625000   2464     61600000
  2465     61625000   2544     63600000
  2545     63625000   2624     65600000
  2625     65625000   2704     67600000
  2705     67625000   2784     69600000
  2785     69625000   2864     71600000
  2865     71625000   2944     73600000
  2945     73625000   3024     75600000
  3025     75625000   3104     77600000
  3105     77625000   3184     79600000
  3185     79625000   3212     80300000
  3293     82325000   3320     83000000
