from.id    from.cord  to.id      to.cord
     6       150000     26       650000
    27       675000     37       925000
    38       950000     44      1100000
    45      1125000    118      2950000
   133      3325000    212      5300000
   213      5325000    292      7300000
   293      7325000    372      9300000
   373      9325000    437     10925000
   445     11125000    450     11250000
   458     11450000    537     13425000
   538     13450000    563     14075000
   571     14275000    617     15425000
   638     15950000    663     16575000
   678     16950000    707     17675000
   708     17700000    714     17850000
   715     17875000    725     18125000
   772     19300000    776     19400000
   777     19425000    809     20225000
   830     20750000    836     20900000
   837     20925000    848     21200000
   852     21300000    858     21450000
  1083     27075000   1088     27200000
  1091     27275000   1170     29250000
  1171     29275000   1220     30500000
  1234     30850000   1277     31925000
  1287     32175000   1366     34150000
  1367     34175000   1442     36050000
  1461     36525000   1511     37775000
  1537     38425000   1540     38500000
  1542     38550000   1546     38650000
  1547     38675000   1626     40650000
  1627     40675000   1706     42650000
  1707     42675000   1725     43125000
  1735     43375000   1813     45325000
  1821     45525000   1826     45650000
  1828     45700000   1845     46125000
  1872     46800000   1877     46925000
  1880     47000000   1883     47075000
  1886     47150000   1895     47375000
  1907     47675000   1986     49650000
  1987     49675000   2003     50075000
  2004     50100000   2007     50175000
  2008     50200000   2087     52175000
  2088     52200000   2167     54175000
  2168     54200000   2247     56175000
  2248     56200000   2327     58175000
  2328     58200000   2379     59475000
  2387     59675000   2395     59875000
  2401     60025000   2410     60250000
  2412     60300000   2486     62150000
  2489     62225000   2492     62300000
  2495     62375000   2574     64350000
  2575     64375000   2587     64675000
  2600     65000000   2679     66975000
  2680     67000000   2759     68975000
  2760     69000000   2839     70975000
  2840     71000000   2919     72975000
  2920     73000000   2999     74975000
  3000     75000000   3021     75525000
  3022     75550000   3027     75675000
  3029     75725000   3108     77700000
  3109     77725000   3188     79700000
  3189     79725000   3231     80775000
  3233     80825000   3255     81375000
  3258     81450000   3262     81550000
  3275     81875000   3284     82100000
  3286     82150000   3296     82400000
  3297     82425000   3311     82775000
