from.id    from.cord  to.id      to.cord
     2        50000     31       775000
    33       825000     49      1225000
    50      1250000     87      2175000
    90      2250000    114      2850000
   116      2900000    135      3375000
   137      3425000    185      4625000
   189      4725000    268      6700000
   269      6725000    348      8700000
   349      8725000    428     10700000
   429     10725000    433     10825000
   435     10875000    467     11675000
   468     11700000    547     13675000
   548     13700000    559     13975000
   560     14000000    573     14325000
   575     14375000    613     15325000
   642     16050000    659     16475000
   676     16900000    688     17200000
   689     17225000    692     17300000
   771     19275000    780     19500000
   781     19525000    805     20125000
   824     20600000    846     21150000
  1079     26975000   1092     27300000
  1095     27375000   1105     27625000
  1109     27725000   1188     29700000
  1189     29725000   1216     30400000
  1220     30500000   1237     30925000
  1238     30950000   1273     31825000
  1277     31925000   1287     32175000
  1291     32275000   1370     34250000
  1371     34275000   1438     35950000
  1465     36625000   1507     37675000
  1529     38225000   1550     38750000
  1551     38775000   1605     40125000
  1606     40150000   1620     40500000
  1621     40525000   1662     41550000
  1663     41575000   1669     41725000
  1670     41750000   1721     43025000
  1725     43125000   1735     43375000
  1739     43475000   1801     45025000
  1805     45125000   1808     45200000
  1809     45225000   1831     45775000
  1834     45850000   1841     46025000
  1864     46600000   1887     47175000
  1897     47425000   1904     47600000
  1911     47775000   1990     49750000
  1991     49775000   1996     49900000
  1997     49925000   2012     50300000
  2015     50375000   2094     52350000
  2095     52375000   2174     54350000
  2175     54375000   2254     56350000
  2255     56375000   2334     58350000
  2335     58375000   2375     59375000
  2376     59400000   2390     59750000
  2395     59875000   2415     60375000
  2416     60400000   2483     62075000
  2485     62125000   2495     62375000
  2499     62475000   2578     64450000
  2579     64475000   2583     64575000
  2604     65100000   2683     67075000
  2684     67100000   2763     69075000
  2764     69100000   2843     71075000
  2844     71100000   2923     73075000
  2924     73100000   2988     74700000
  2993     74825000   2998     74950000
  2999     74975000   3017     75425000
  3018     75450000   3040     76000000
  3041     76025000   3118     77950000
  3123     78075000   3132     78300000
  3133     78325000   3161     79025000
  3166     79150000   3184     79600000
  3185     79625000   3199     79975000
  3205     80125000   3226     80650000
  3227     80675000   3306     82650000
