from.id    from.cord  to.id      to.cord
    21       525000     24       600000
    26       650000     38       950000
    44      1100000    119      2975000
   132      3300000    211      5275000
   212      5300000    291      7275000
   292      7300000    371      9275000
   372      9300000    438     10950000
   444     11100000    451     11275000
   457     11425000    536     13400000
   537     13425000    564     14100000
   570     14250000    618     15450000
   637     15925000    664     16600000
   677     16925000    709     17725000
   713     17825000    726     18150000
   730     18250000    734     18350000
   776     19400000    810     20250000
   836     20900000    849     21225000
   885     22125000    888     22200000
  1090     27250000   1169     29225000
  1170     29250000   1221     30525000
  1233     30825000   1278     31950000
  1286     32150000   1365     34125000
  1366     34150000   1443     36075000
  1460     36500000   1512     37800000
  1542     38550000   1621     40525000
  1622     40550000   1701     42525000
  1702     42550000   1726     43150000
  1734     43350000   1813     45325000
  1822     45550000   1825     45625000
  1827     45675000   1846     46150000
  1870     46750000   1878     46950000
  1885     47125000   1896     47400000
  1906     47650000   1985     49625000
  1986     49650000   2004     50100000
  2007     50175000   2086     52150000
  2087     52175000   2166     54150000
  2167     54175000   2246     56150000
  2247     56175000   2326     58150000
  2327     58175000   2380     59500000
  2386     59650000   2396     59900000
  2411     60275000   2487     62175000
  2494     62350000   2573     64325000
  2574     64350000   2588     64700000
  2599     64975000   2678     66950000
  2679     66975000   2758     68950000
  2759     68975000   2838     70950000
  2839     70975000   2918     72950000
  2919     72975000   2998     74950000
  2999     74975000   3022     75550000
  3028     75700000   3107     77675000
  3108     77700000   3187     79675000
  3188     79700000   3232     80800000
  3238     80950000   3241     81025000
  3244     81100000   3254     81350000
  3295     82375000   3312     82800000
  3315     82875000   3318     82950000
  3323     83075000   3326     83150000
