0 52
53 117
118 133
134 213
214 293
294 373
374 438
439 465
466 545
546 611
615 637
644 657
659 685
686 690
693 698
748 780
781 802
805 812
1073 1097
1098 1177
1178 1213
1216 1237
1238 1271
1273 1293
1294 1373
1374 1437
1438 1460
1463 1466
1467 1504
1505 1514
1529 1550
1551 1630
1631 1710
1711 1719
1721 1740
1741 1805
1806 1835
1865 1909
1914 1993
1994 1995
1996 2008
2012 2015
2016 2095
2096 2175
2176 2255
2256 2335
2336 2387
2388 2415
2497 2500
2501 2580
2582 2585
2586 2600
2606 2685
2686 2765
2766 2845
2846 2925
2926 3005
3006 3018
3019 3036
3037 3116
3117 3196
3197 3223
3224 3303
