4 28
29 35
36 47
48 116
118 133
135 214
215 294
295 374
375 435
437 446
449 459
464 543
544 561
563 572
573 615
640 661
676 682
683 698
699 717
718 723
770 778
779 807
828 842
843 846
850 862
1080 1090
1093 1172
1173 1218
1222 1234
1236 1275
1279 1285
1289 1368
1369 1440
1463 1509
1534 1548
1549 1607
1617 1696
1697 1723
1727 1733
1737 1811
1818 1829
1830 1843
1869 1873
1875 1885
1888 1893
1909 1988
1989 1998
1999 2010
2011 2090
2091 2170
2171 2250
2251 2330
2331 2377
2378 2387
2389 2393
2397 2412
2414 2484
2487 2494
2497 2576
2577 2585
2602 2681
2682 2761
2762 2841
2842 2921
2922 3001
3002 3019
3020 3030
3031 3110
3111 3129
3131 3172
3174 3181
3183 3229
3230 3302
3303 3306
