6 26
27 37
38 44
45 118
133 212
213 292
293 372
373 437
445 450
458 537
538 563
571 617
638 663
678 707
708 714
715 725
772 776
777 809
830 836
837 848
852 858
1083 1088
1091 1170
1171 1220
1234 1277
1287 1366
1367 1442
1461 1511
1537 1540
1542 1546
1547 1626
1627 1706
1707 1725
1735 1813
1821 1826
1828 1845
1872 1877
1880 1883
1886 1895
1907 1986
1987 2003
2004 2007
2008 2087
2088 2167
2168 2247
2248 2327
2328 2379
2387 2395
2401 2410
2412 2486
2489 2492
2495 2574
2575 2587
2600 2679
2680 2759
2760 2839
2840 2919
2920 2999
3000 3021
3022 3027
3029 3108
3109 3188
3189 3231
3233 3255
3258 3262
3275 3284
3286 3296
3297 3311
