from.id    from.cord  to.id      to.cord
     0            0     40      1000000
    41      1025000    120      3000000
   121      3025000    200      5000000
   201      5025000    280      7000000
   281      7025000    360      9000000
   361      9025000    440     11000000
   441     11025000    520     13000000
   521     13025000    600     15000000
   635     15875000    664     16600000
   665     16625000    694     17350000
   695     17375000    774     19350000
   775     19375000    806     20150000
  1077     26925000   1091     27275000
  1096     27400000   1101     27525000
  1106     27650000   1109     27725000
  1110     27750000   1189     29725000
  1190     29750000   1269     31725000
  1270     31750000   1349     33725000
  1350     33750000   1429     35725000
  1430     35750000   1505     37625000
  1506     37650000   1551     38775000
  1556     38900000   1635     40875000
  1636     40900000   1715     42875000
  1716     42900000   1795     44875000
  1821     45525000   1896     47400000
  1897     47425000   1976     49400000
  1977     49425000   2056     51400000
  2057     51425000   2136     53400000
  2137     53425000   2216     55400000
  2217     55425000   2296     57400000
  2297     57425000   2376     59400000
  2377     59425000   2456     61400000
  2457     61425000   2536     63400000
  2537     63425000   2616     65400000
  2617     65425000   2696     67400000
  2697     67425000   2776     69400000
  2777     69425000   2856     71400000
  2857     71425000   2936     73400000
  2937     73425000   3016     75400000
  3017     75425000   3096     77400000
  3097     77425000   3176     79400000
  3177     79425000   3220     80500000
  3221     80525000   3300     82500000
  3301     82525000   3321     83025000
