from.id    from.cord  to.id      to.cord
     0            0     20       500000
    21       525000    100      2500000
   101      2525000    180      4500000
   181      4525000    260      6500000
   261      6525000    340      8500000
   341      8525000    420     10500000
   421     10525000    500     12500000
   501     12525000    580     14500000
   581     14525000    660     16500000
   730     18250000    777     19425000
   778     19450000    828     20700000
  1087     27175000   1166     29150000
  1167     29175000   1246     31150000
  1247     31175000   1326     33150000
  1327     33175000   1406     35150000
  1407     35175000   1486     37150000
  1487     37175000   1566     39150000
  1567     39175000   1646     41150000
  1647     41175000   1726     43150000
  1727     43175000   1806     45150000
  1807     45175000   1842     46050000
  1845     46125000   1924     48100000
  1925     48125000   2004     50100000
  2005     50125000   2084     52100000
  2085     52125000   2164     54100000
  2165     54125000   2244     56100000
  2245     56125000   2324     58100000
  2405     60125000   2484     62100000
  2485     62125000   2564     64100000
  2565     64125000   2644     66100000
  2645     66125000   2724     68100000
  2725     68125000   2804     70100000
  2805     70125000   2884     72100000
  2885     72125000   2964     74100000
  2965     74125000   3044     76100000
  3045     76125000   3124     78100000
  3125     78125000   3204     80100000
  3205     80125000   3239     80975000
  3240     81000000   3319     82975000
