from.id    from.cord  to.id      to.cord
     0            0     39       975000
    40      1000000    119      2975000
   120      3000000    199      4975000
   200      5000000    279      6975000
   280      7000000    359      8975000
   360      9000000    439     10975000
   440     11000000    443     11075000
   444     11100000    457     11425000
   458     11450000    537     13425000
   538     13450000    609     15225000
   610     15250000    644     16100000
   645     16125000    658     16450000
   659     16475000    690     17250000
   691     17275000    695     17375000
   696     17400000    702     17550000
   703     17575000    707     17675000
   708     17700000    783     19575000
   784     19600000    802     20050000
   803     20075000    809     20225000
  1074     26850000   1101     27525000
  1102     27550000   1181     29525000
  1182     29550000   1210     30250000
  1211     30275000   1239     30975000
  1240     31000000   1319     32975000
  1320     33000000   1399     34975000
  1400     35000000   1435     35875000
  1441     36025000   1467     36675000
  1468     36700000   1507     37675000
  1510     37750000   1513     37825000
  1514     37850000   1554     38850000
  1555     38875000   1634     40850000
  1635     40875000   1714     42850000
  1715     42875000   1734     43350000
  1735     43375000   1740     43500000
  1741     43525000   1804     45100000
  1807     45175000   1886     47150000
  1887     47175000   1914     47850000
  1915     47875000   1994     49850000
  1995     49875000   2074     51850000
  2075     51875000   2154     53850000
  2155     53875000   2234     55850000
  2235     55875000   2314     57850000
  2315     57875000   2387     59675000
  2388     59700000   2416     60400000
  2417     60425000   2496     62400000
  2497     62425000   2576     64400000
  2577     64425000   2580     64500000
  2581     64525000   2608     65200000
  2609     65225000   2688     67200000
  2689     67225000   2768     69200000
  2769     69225000   2848     71200000
  2849     71225000   2928     73200000
  2929     73225000   3008     75200000
  3009     75225000   3088     77200000
  3089     77225000   3168     79200000
  3169     79225000   3225     80625000
  3226     80650000   3305     82625000
