1 51
52 86
87 90
91 113
115 137
138 184
185 191
192 271
272 351
352 431
433 468
469 548
549 558
559 575
576 612
637 642
643 658
659 662
677 690
749 770
773 781
784 804
1078 1093
1096 1102
1103 1110
1111 1155
1158 1215
1219 1238
1239 1272
1276 1289
1292 1371
1372 1437
1460 1463
1466 1506
1528 1551
1552 1604
1605 1621
1622 1661
1662 1671
1672 1720
1724 1737
1740 1800
1801 1805
1808 1837
1863 1888
1896 1909
1916 1993
1996 2015
2016 2029
2032 2111
2112 2191
2192 2271
2272 2351
2352 2374
2375 2391
2394 2416
2417 2481
2484 2497
2500 2579
2580 2582
2588 2597
2599 2604
2605 2684
2685 2764
2765 2844
2845 2924
2925 2987
2988 3000
3001 3015
3016 3041
3042 3095
3097 3116
3120 3133
3134 3160
3161 3186
3187 3195
3196 3205
3209 3212
3213 3224
3225 3304
