from.id    from.cord  to.id      to.cord
     4       100000     37       925000
    38       950000    117      2925000
   118      2950000    197      4925000
   198      4950000    277      6925000
   278      6950000    357      8925000
   358      8950000    437     10925000
   438     10950000    445     11125000
   446     11150000    455     11375000
   456     11400000    535     13375000
   536     13400000    611     15275000
   612     15300000    642     16050000
   643     16075000    660     16500000
   661     16525000    682     17050000
   685     17125000    688     17200000
   689     17225000    697     17425000
   701     17525000    709     17725000
   710     17750000    781     19525000
   782     19550000    805     20125000
   806     20150000    809     20225000
  1071     26775000   1099     27475000
  1100     27500000   1179     29475000
  1180     29500000   1213     30325000
  1214     30350000   1237     30925000
  1238     30950000   1317     32925000
  1318     32950000   1397     34925000
  1398     34950000   1442     36050000
  1443     36075000   1465     36625000
  1466     36650000   1507     37675000
  1530     38250000   1534     38350000
  1535     38375000   1551     38775000
  1552     38800000   1631     40775000
  1632     40800000   1711     42775000
  1712     42800000   1736     43400000
  1739     43475000   1808     45200000
  1809     45225000   1845     46125000
  1868     46700000   1883     47075000
  1885     47125000   1912     47800000
  1913     47825000   1992     49800000
  1993     49825000   2072     51800000
  2073     51825000   2152     53800000
  2153     53825000   2232     55800000
  2233     55825000   2312     57800000
  2313     57825000   2389     59725000
  2390     59750000   2414     60350000
  2415     60375000   2494     62350000
  2495     62375000   2574     64350000
  2575     64375000   2582     64550000
  2583     64575000   2606     65150000
  2607     65175000   2686     67150000
  2687     67175000   2766     69150000
  2767     69175000   2846     71150000
  2847     71175000   2926     73150000
  2927     73175000   3006     75150000
  3007     75175000   3086     77150000
  3087     77175000   3166     79150000
  3167     79175000   3227     80675000
  3230     80750000   3309     82725000
