5 27
28 36
37 45
46 117
119 132
134 213
214 293
294 373
374 436
438 445
446 449
450 458
463 542
543 562
564 570
572 616
639 662
679 699
700 704
706 716
717 724
771 777
778 808
829 839
840 847
851 861
1082 1089
1092 1171
1172 1219
1223 1233
1235 1276
1288 1367
1368 1441
1462 1510
1534 1547
1548 1610
1616 1695
1696 1724
1728 1732
1736 1812
1819 1828
1829 1844
1869 1872
1873 1876
1879 1884
1887 1894
1908 1987
1988 1999
2000 2009
2010 2089
2090 2169
2170 2249
2250 2329
2330 2378
2379 2386
2388 2394
2398 2411
2413 2485
2488 2493
2496 2575
2576 2586
2601 2680
2681 2760
2761 2840
2841 2920
2921 3000
3001 3020
3021 3029
3030 3109
3110 3189
3190 3230
3231 3273
3275 3297
3301 3309
