from.id    from.cord  to.id      to.cord
     0            0     40      1000000
    41      1025000    120      3000000
   121      3025000    200      5000000
   201      5025000    280      7000000
   281      7025000    360      9000000
   361      9025000    440     11000000
   441     11025000    442     11050000
   443     11075000    458     11450000
   459     11475000    538     13450000
   539     13475000    608     15200000
   609     15225000    645     16125000
   646     16150000    649     16225000
   652     16300000    657     16425000
   658     16450000    691     17275000
   694     17350000    703     17575000
   707     17675000    785     19625000
   786     19650000    801     20025000
   802     20050000    805     20125000
  1073     26825000   1102     27550000
  1103     27575000   1182     29550000
  1183     29575000   1209     30225000
  1210     30250000   1240     31000000
  1241     31025000   1320     33000000
  1321     33025000   1400     35000000
  1401     35025000   1437     35925000
  1440     36000000   1468     36700000
  1469     36725000   1506     37650000
  1510     37750000   1513     37825000
  1514     37850000   1555     38875000
  1556     38900000   1635     40875000
  1636     40900000   1715     42875000
  1716     42900000   1795     44875000
  1796     44900000   1802     45050000
  1883     47075000   1915     47875000
  1916     47900000   1995     49875000
  1996     49900000   2075     51875000
  2076     51900000   2155     53875000
  2156     53900000   2235     55875000
  2236     55900000   2315     57875000
  2316     57900000   2384     59600000
  2385     59625000   2417     60425000
  2418     60450000   2497     62425000
  2498     62450000   2577     64425000
  2578     64450000   2579     64475000
  2580     64500000   2609     65225000
  2610     65250000   2689     67225000
  2690     67250000   2769     69225000
  2770     69250000   2849     71225000
  2850     71250000   2929     73225000
  2930     73250000   3009     75225000
  3010     75250000   3089     77225000
  3090     77250000   3169     79225000
  3170     79250000   3224     80600000
  3225     80625000   3304     82600000
