from.id    from.cord  to.id      to.cord
    24       600000    103      2575000
   104      2600000    183      4575000
   184      4600000    263      6575000
   264      6600000    343      8575000
   344      8600000    423     10575000
   424     10600000    503     12575000
   504     12600000    583     14575000
   584     14600000    663     16575000
   664     16600000    725     18125000
   739     18475000    783     19575000
  1077     26925000   1088     27200000
  1089     27225000   1168     29200000
  1169     29225000   1248     31200000
  1249     31225000   1328     33200000
  1329     33225000   1408     35200000
  1409     35225000   1488     37200000
  1489     37225000   1568     39200000
  1569     39225000   1648     41200000
  1649     41225000   1728     43200000
  1729     43225000   1808     45200000
  1809     45225000   1836     45900000
  1853     46325000   1872     46800000
  1873     46825000   1880     47000000
  1881     47025000   1960     49000000
  1961     49025000   2040     51000000
  2041     51025000   2120     53000000
  2121     53025000   2200     55000000
  2201     55025000   2280     57000000
  2281     57025000   2360     59000000
  2361     59025000   2440     61000000
  2441     61025000   2520     63000000
  2521     63025000   2600     65000000
  2601     65025000   2680     67000000
  2681     67025000   2760     69000000
  2761     69025000   2840     71000000
  2841     71025000   2920     73000000
  2921     73025000   3000     75000000
  3001     75025000   3080     77000000
  3081     77025000   3160     79000000
