0 40
41 120
121 200
201 280
281 360
361 440
441 442
443 458
459 538
539 608
609 645
646 649
652 657
658 691
694 703
707 785
786 801
802 805
1073 1102
1103 1182
1183 1209
1210 1240
1241 1320
1321 1400
1401 1437
1440 1468
1469 1506
1510 1513
1514 1555
1556 1635
1636 1715
1716 1795
1796 1802
1883 1915
1916 1995
1996 2075
2076 2155
2156 2235
2236 2315
2316 2384
2385 2417
2418 2497
2498 2577
2578 2579
2580 2609
2610 2689
2690 2769
2770 2849
2850 2929
2930 3009
3010 3089
3090 3169
3170 3224
3225 3304
