from.id    from.cord  to.id      to.cord
    20       500000     99      2475000
   100      2500000    179      4475000
   180      4500000    259      6475000
   260      6500000    339      8475000
   340      8500000    419     10475000
   420     10500000    499     12475000
   500     12500000    579     14475000
   580     14500000    659     16475000
   660     16500000    730     18250000
   731     18275000    775     19375000
   776     19400000    829     20725000
  1086     27150000   1165     29125000
  1166     29150000   1245     31125000
  1246     31150000   1325     33125000
  1326     33150000   1405     35125000
  1406     35150000   1485     37125000
  1486     37150000   1565     39125000
  1566     39150000   1645     41125000
  1646     41150000   1725     43125000
  1726     43150000   1805     45125000
  1806     45150000   1885     47125000
  1886     47150000   1965     49125000
  1966     49150000   2045     51125000
  2046     51150000   2125     53125000
  2126     53150000   2205     55125000
  2206     55150000   2285     57125000
  2286     57150000   2365     59125000
  2366     59150000   2445     61125000
  2446     61150000   2525     63125000
  2526     63150000   2605     65125000
  2606     65150000   2685     67125000
  2686     67150000   2765     69125000
  2766     69150000   2845     71125000
  2846     71150000   2925     73125000
  2926     73150000   3005     75125000
  3006     75150000   3085     77125000
  3086     77150000   3165     79125000
  3166     79150000   3241     81025000
  3242     81050000   3285     82125000
