from.id    from.cord  to.id      to.cord
     0            0     26       650000
    29       725000     33       825000
    34       850000    113      2825000
   114      2850000    193      4825000
   194      4850000    273      6825000
   274      6850000    353      8825000
   354      8850000    433     10825000
   434     10850000    513     12825000
   514     12850000    593     14825000
   594     14850000    646     16150000
   647     16175000    654     16350000
   655     16375000    700     17500000
   704     17600000    719     17975000
   736     18400000    795     19875000
  1077     26925000   1090     27250000
  1093     27325000   1172     29300000
  1173     29325000   1252     31300000
  1253     31325000   1332     33300000
  1333     33325000   1412     35300000
  1413     35325000   1492     37300000
  1493     37325000   1572     39300000
  1573     39325000   1652     41300000
  1653     41325000   1732     43300000
  1733     43325000   1812     45300000
  1813     45325000   1833     45825000
  1856     46400000   1868     46700000
  1869     46725000   1883     47075000
  1884     47100000   1963     49075000
  1964     49100000   2043     51075000
  2044     51100000   2123     53075000
  2124     53100000   2203     55075000
  2204     55100000   2283     57075000
  2284     57100000   2363     59075000
  2364     59100000   2443     61075000
  2444     61100000   2523     63075000
  2524     63100000   2603     65075000
  2604     65100000   2683     67075000
  2684     67100000   2763     69075000
  2764     69100000   2843     71075000
  2844     71100000   2923     73075000
  2924     73100000   3003     75075000
  3004     75100000   3083     77075000
  3084     77100000   3163     79075000
  3164     79100000   3232     80800000
  3233     80825000   3312     82800000
