from.id    from.cord  to.id      to.cord
    10       250000     15       375000
    18       450000     97      2425000
    98      2450000    177      4425000
   178      4450000    257      6425000
   258      6450000    337      8425000
   338      8450000    417     10425000
   418     10450000    497     12425000
   498     12450000    577     14425000
   578     14450000    657     16425000
   658     16450000    733     18325000
   734     18350000    773     19325000
   774     19350000    831     20775000
   832     20800000    850     21250000
  1084     27100000   1163     29075000
  1164     29100000   1243     31075000
  1244     31100000   1323     33075000
  1324     33100000   1403     35075000
  1404     35100000   1483     37075000
  1484     37100000   1563     39075000
  1564     39100000   1643     41075000
  1644     41100000   1723     43075000
  1724     43100000   1803     45075000
  1804     45100000   1883     47075000
  1884     47100000   1963     49075000
  1964     49100000   2043     51075000
  2044     51100000   2123     53075000
  2124     53100000   2203     55075000
  2204     55100000   2283     57075000
  2284     57100000   2363     59075000
  2364     59100000   2443     61075000
  2444     61100000   2523     63075000
  2524     63100000   2603     65075000
  2604     65100000   2683     67075000
  2684     67100000   2763     69075000
  2764     69100000   2843     71075000
  2844     71100000   2923     73075000
  2924     73100000   3003     75075000
  3004     75100000   3083     77075000
  3084     77100000   3163     79075000
  3164     79100000   3243     81075000
  3284     82100000   3299     82475000
