from.id    from.cord  to.id      to.cord
     0            0     35       875000
    36       900000    115      2875000
   116      2900000    195      4875000
   196      4900000    275      6875000
   276      6900000    355      8875000
   356      8900000    435     10875000
   436     10900000    515     12875000
   516     12900000    595     14875000
   596     14900000    616     15400000
   617     15425000    642     16050000
   643     16075000    714     17850000
   715     17875000    778     19450000
   779     19475000    811     20275000
  1073     26825000   1101     27525000
  1102     27550000   1181     29525000
  1182     29550000   1261     31525000
  1262     31550000   1341     33525000
  1342     33550000   1421     35525000
  1422     35550000   1443     36075000
  1444     36100000   1464     36600000
  1519     37975000   1545     38625000
  1546     38650000   1625     40625000
  1626     40650000   1705     42625000
  1706     42650000   1785     44625000
  1786     44650000   1808     45200000
  1809     45225000   1840     46000000
  1850     46250000   1878     46950000
  1881     47025000   1893     47325000
  1894     47350000   1973     49325000
  1974     49350000   2053     51325000
  2054     51350000   2133     53325000
  2134     53350000   2213     55325000
  2214     55350000   2293     57325000
  2294     57350000   2373     59325000
  2374     59350000   2453     61325000
  2454     61350000   2533     63325000
  2534     63350000   2613     65325000
  2614     65350000   2693     67325000
  2694     67350000   2773     69325000
  2774     69350000   2853     71325000
  2854     71350000   2933     73325000
  2934     73350000   3013     75325000
  3014     75350000   3093     77325000
  3094     77350000   3173     79325000
  3174     79350000   3227     80675000
  3228     80700000   3307     82675000
