4 37
38 117
118 197
198 277
278 357
358 437
438 445
446 455
456 535
536 611
612 642
643 660
661 682
685 688
689 697
701 709
710 781
782 805
806 809
1071 1099
1100 1179
1180 1213
1214 1237
1238 1317
1318 1397
1398 1442
1443 1465
1466 1507
1530 1534
1535 1551
1552 1631
1632 1711
1712 1736
1739 1808
1809 1845
1868 1883
1885 1912
1913 1992
1993 2072
2073 2152
2153 2232
2233 2312
2313 2389
2390 2414
2415 2494
2495 2574
2575 2582
2583 2606
2607 2686
2687 2766
2767 2846
2847 2926
2927 3006
3007 3086
3087 3166
3167 3227
3230 3309
