from.id    from.cord  to.id      to.cord
     0            0     44      1100000
    45      1125000    124      3100000
   125      3125000    204      5100000
   205      5125000    284      7100000
   285      7125000    364      9100000
   365      9125000    444     11100000
   445     11125000    524     13100000
   525     13125000    604     15100000
   675     16875000    688     17200000
   769     19225000    848     21200000
  1077     26925000   1084     27100000
  1089     27225000   1092     27300000
  1097     27425000   1104     27600000
  1108     27700000   1115     27875000
  1116     27900000   1195     29875000
  1196     29900000   1275     31875000
  1276     31900000   1355     33875000
  1356     33900000   1435     35875000
  1436     35900000   1480     37000000
  1484     37100000   1493     37325000
  1498     37450000   1554     38850000
  1555     38875000   1558     38950000
  1560     39000000   1639     40975000
  1640     41000000   1719     42975000
  1720     43000000   1799     44975000
  1800     45000000   1814     45350000
  1815     45375000   1894     47350000
  1904     47600000   1983     49575000
  1984     49600000   2063     51575000
  2064     51600000   2143     53575000
  2144     53600000   2223     55575000
  2224     55600000   2303     57575000
  2384     59600000   2463     61575000
  2464     61600000   2543     63575000
  2544     63600000   2623     65575000
  2624     65600000   2703     67575000
  2704     67600000   2783     69575000
  2784     69600000   2863     71575000
  2864     71600000   2943     73575000
  2944     73600000   3023     75575000
  3024     75600000   3103     77575000
  3104     77600000   3183     79575000
  3184     79600000   3213     80325000
  3214     80350000   3293     82325000
  3294     82350000   3322     83050000
