21 24
26 38
44 119
132 211
212 291
292 371
372 438
444 451
457 536
537 564
570 618
637 664
677 709
713 726
730 734
776 810
836 849
885 888
1090 1169
1170 1221
1233 1278
1286 1365
1366 1443
1460 1512
1542 1621
1622 1701
1702 1726
1734 1813
1822 1825
1827 1846
1870 1878
1885 1896
1906 1985
1986 2004
2007 2086
2087 2166
2167 2246
2247 2326
2327 2380
2386 2396
2411 2487
2494 2573
2574 2588
2599 2678
2679 2758
2759 2838
2839 2918
2919 2998
2999 3022
3028 3107
3108 3187
3188 3232
3238 3241
3244 3254
3295 3312
3315 3318
3323 3326
