from.id    from.cord  to.id      to.cord
     3        75000     30       750000
    31       775000     34       850000
    35       875000     48      1200000
    49      1225000    115      2875000
   117      2925000    134      3350000
   136      3400000    215      5375000
   216      5400000    295      7375000
   296      7400000    375      9375000
   376      9400000    434     10850000
   436     10900000    465     11625000
   466     11650000    545     13625000
   546     13650000    560     14000000
   561     14025000    572     14300000
   574     14350000    614     15350000
   641     16025000    660     16500000
   676     16900000    684     17100000
   685     17125000    697     17425000
   698     17450000    721     18025000
   770     19250000    779     19475000
   780     19500000    806     20150000
   828     20700000    843     21075000
  1080     27000000   1091     27275000
  1094     27350000   1173     29325000
  1174     29350000   1217     30425000
  1221     30525000   1235     30875000
  1237     30925000   1274     31850000
  1278     31950000   1286     32150000
  1290     32250000   1369     34225000
  1370     34250000   1439     35975000
  1464     36600000   1508     37700000
  1533     38325000   1549     38725000
  1550     38750000   1606     40150000
  1607     40175000   1619     40475000
  1620     40500000   1664     41600000
  1669     41725000   1722     43050000
  1726     43150000   1734     43350000
  1738     43450000   1809     45225000
  1814     45350000   1830     45750000
  1831     45775000   1842     46050000
  1869     46725000   1886     47150000
  1889     47225000   1892     47300000
  1897     47425000   1906     47650000
  1910     47750000   1989     49725000
  1990     49750000   1997     49925000
  1998     49950000   2011     50275000
  2012     50300000   2091     52275000
  2092     52300000   2171     54275000
  2172     54300000   2251     56275000
  2252     56300000   2331     58275000
  2332     58300000   2376     59400000
  2377     59425000   2388     59700000
  2396     59900000   2413     60325000
  2415     60375000   2483     62075000
  2486     62150000   2495     62375000
  2498     62450000   2577     64425000
  2578     64450000   2584     64600000
  2603     65075000   2682     67050000
  2683     67075000   2762     69050000
  2763     69075000   2842     71050000
  2843     71075000   2922     73050000
  2923     73075000   2997     74925000
  2999     74975000   3018     75450000
  3019     75475000   3031     75775000
  3033     75825000   3039     75975000
  3040     76000000   3119     77975000
  3121     78025000   3125     78125000
  3128     78200000   3131     78275000
  3132     78300000   3162     79050000
  3164     79100000   3167     79175000
  3171     79275000   3178     79450000
  3180     79500000   3183     79575000
  3184     79600000   3228     80700000
  3229     80725000   3303     82575000
