3 30
31 34
35 48
49 115
117 134
136 215
216 295
296 375
376 434
436 465
466 545
546 560
561 572
574 614
641 660
676 684
685 697
698 721
770 779
780 806
828 843
1080 1091
1094 1173
1174 1217
1221 1235
1237 1274
1278 1286
1290 1369
1370 1439
1464 1508
1533 1549
1550 1606
1607 1619
1620 1664
1669 1722
1726 1734
1738 1809
1814 1830
1831 1842
1869 1886
1889 1892
1897 1906
1910 1989
1990 1997
1998 2011
2012 2091
2092 2171
2172 2251
2252 2331
2332 2376
2377 2388
2396 2413
2415 2483
2486 2495
2498 2577
2578 2584
2603 2682
2683 2762
2763 2842
2843 2922
2923 2997
2999 3018
3019 3031
3033 3039
3040 3119
3121 3125
3128 3131
3132 3162
3164 3167
3171 3178
3180 3183
3184 3228
3229 3303
