0 10
11 56
57 76
77 94
95 140
141 146
147 226
227 247
249 275
287 308
310 325
330 336
337 343
345 363
367 371
372 451
452 518
519 527
528 607
608 687
688 731
743 822
823 829
841 858
859 927
928 934
935 946
1108 1122
1123 1175
1176 1180
1183 1262
1263 1342
1343 1422
1423 1444
1446 1456
1458 1484
1485 1495
1497 1561
1565 1589
1601 1628
1640 1654
1655 1663
1666 1670
1677 1681
1682 1686
1693 1701
1713 1732
1733 1739
1741 1772
1773 1781
1784 1863
1864 1910
1912 1921
1923 1955
1956 1966
1967 1997
1998 2009
2011 2016
2025 2059
2065 2070
2071 2150
2151 2163
2164 2167
2175 2184
2185 2195
2199 2211
2215 2224
2236 2274
2286 2337
