from.id    from.cord  to.id      to.cord
    13       325000     83      2075000
    84      2100000    163      4075000
   164      4100000    243      6075000
   244      6100000    323      8075000
   324      8100000    403     10075000
   404     10100000    483     12075000
   484     12100000    563     14075000
   564     14100000    643     16075000
   644     16100000    723     18075000
   724     18100000    803     20075000
   804     20100000    836     20900000
  1076     26900000   1151     28775000
  1152     28800000   1231     30775000
  1232     30800000   1311     32775000
  1312     32800000   1391     34775000
  1392     34800000   1471     36775000
  1472     36800000   1551     38775000
  1552     38800000   1631     40775000
  1632     40800000   1669     41725000
  1670     41750000   1749     43725000
  1750     43750000   1751     43775000
  1752     43800000   1759     43975000
  1760     44000000   1767     44175000
  1768     44200000   1847     46175000
  1848     46200000   1927     48175000
  1928     48200000   2007     50175000
  2008     50200000   2087     52175000
  2088     52200000   2167     54175000
  2168     54200000   2247     56175000
  2248     56200000   2310     57750000
