from.id    from.cord  to.id      to.cord
     7       175000     10       250000
    11       275000     82      2050000
    83      2075000    162      4050000
   163      4075000    242      6050000
   243      6075000    322      8050000
   324      8100000    369      9225000
   370      9250000    449     11225000
   450     11250000    529     13225000
   530     13250000    609     15225000
   610     15250000    689     17225000
   690     17250000    769     19225000
   770     19250000    841     21025000
   842     21050000    921     23025000
  1080     27000000   1146     28650000
  1147     28675000   1226     30650000
  1227     30675000   1306     32650000
  1307     32675000   1386     34650000
  1387     34675000   1466     36650000
  1467     36675000   1546     38650000
  1547     38675000   1626     40650000
  1627     40675000   1675     41875000
  1735     43375000   1741     43525000
  1742     43550000   1750     43750000
  1751     43775000   1762     44050000
  1763     44075000   1842     46050000
  1843     46075000   1922     48050000
  1923     48075000   1991     49775000
  1993     49825000   2072     51800000
  2073     51825000   2152     53800000
  2153     53825000   2197     54925000
  2199     54975000   2278     56950000
  2279     56975000   2318     57950000
  2320     58000000   2332     58300000
  2334     58350000   2342     58550000
