from.id    from.cord  to.id      to.cord
     5       125000     30       750000
    34       850000     48      1200000
    49      1225000    128      3200000
   129      3225000    208      5200000
   209      5225000    288      7200000
   289      7225000    368      9200000
   369      9225000    448     11200000
   449     11225000    528     13200000
   529     13225000    608     15200000
   609     15225000    688     17200000
   689     17225000    768     19200000
   769     19225000    848     21200000
   849     21225000    865     21625000
   866     21650000    921     23025000
   922     23050000    956     23900000
  1082     27050000   1124     28100000
  1125     28125000   1204     30100000
  1205     30125000   1284     32100000
  1285     32125000   1364     34100000
  1365     34125000   1444     36100000
  1445     36125000   1524     38100000
  1525     38125000   1604     40100000
  1605     40125000   1684     42100000
  1685     42125000   1701     42525000
  1702     42550000   1708     42700000
  1734     43350000   1739     43475000
  1740     43500000   1819     45475000
  1820     45500000   1899     47475000
  1900     47500000   1979     49475000
  1980     49500000   2059     51475000
  2060     51500000   2139     53475000
  2140     53500000   2219     55475000
  2220     55500000   2299     57475000
  2300     57500000   2337     58425000
  2338     58450000   2342     58550000
