from.id    from.cord  to.id      to.cord
     0            0     55      1375000
    58      1450000    137      3425000
   138      3450000    217      5425000
   218      5450000    297      7425000
   298      7450000    348      8700000
   350      8750000    429     10725000
   430     10750000    509     12725000
   510     12750000    589     14725000
   590     14750000    669     16725000
   670     16750000    749     18725000
   750     18750000    829     20725000
   830     20750000    858     21450000
   859     21475000    934     23350000
   935     23375000    945     23625000
  1076     26900000   1130     28250000
  1131     28275000   1210     30250000
  1211     30275000   1290     32250000
  1291     32275000   1370     34250000
  1451     36275000   1530     38250000
  1531     38275000   1610     40250000
  1611     40275000   1690     42250000
  1691     42275000   1695     42375000
  1729     43225000   1737     43425000
  1740     43500000   1745     43625000
  1746     43650000   1825     45625000
  1826     45650000   1905     47625000
  1906     47650000   1985     49625000
  2066     51650000   2145     53625000
  2146     53650000   2225     55625000
  2226     55650000   2305     57625000
  2306     57650000   2332     58300000
