from.id    from.cord  to.id      to.cord
    18       450000     80      2000000
    81      2025000    160      4000000
   161      4025000    240      6000000
   241      6025000    320      8000000
   321      8025000    400     10000000
   401     10025000    480     12000000
   481     12025000    560     14000000
   561     14025000    640     16000000
   641     16025000    720     18000000
   721     18025000    800     20000000
   801     20025000    839     20975000
   840     21000000    919     22975000
  1079     26975000   1148     28700000
  1149     28725000   1228     30700000
  1229     30725000   1308     32700000
  1309     32725000   1388     34700000
  1389     34725000   1468     36700000
  1469     36725000   1548     38700000
  1549     38725000   1628     40700000
  1629     40725000   1674     41850000
  1729     43225000   1738     43450000
  1739     43475000   1748     43700000
  1749     43725000   1756     43900000
  1757     43925000   1763     44075000
  1764     44100000   1843     46075000
  1844     46100000   1923     48075000
  2004     50100000   2083     52075000
  2084     52100000   2163     54075000
  2164     54100000   2243     56075000
  2244     56100000   2313     57825000
