from.id    from.cord  to.id      to.cord
     3        75000     50      1250000
    53      1325000    132      3300000
   133      3325000    212      5300000
   213      5325000    292      7300000
   293      7325000    372      9300000
   373      9325000    452     11300000
   453     11325000    532     13300000
   533     13325000    612     15300000
   613     15325000    692     17300000
   693     17325000    772     19300000
   773     19325000    852     21300000
   853     21325000    862     21550000
   863     21575000    924     23100000
   931     23275000    951     23775000
  1080     27000000   1126     28150000
  1127     28175000   1206     30150000
  1207     30175000   1286     32150000
  1287     32175000   1366     34150000
  1367     34175000   1446     36150000
  1447     36175000   1526     38150000
  1527     38175000   1606     40150000
  1607     40175000   1686     42150000
  1687     42175000   1700     42500000
  1701     42525000   1705     42625000
  1742     43550000   1821     45525000
  1822     45550000   1901     47525000
  1902     47550000   1981     49525000
  1982     49550000   2061     51525000
  2062     51550000   2141     53525000
  2142     53550000   2221     55525000
  2222     55550000   2301     57525000
  2302     57550000   2336     58400000
