from.id    from.cord  to.id      to.cord
     7       175000     24       600000
    25       625000     40      1000000
    41      1025000     44      1100000
    45      1125000    124      3100000
   125      3125000    204      5100000
   205      5125000    284      7100000
   285      7125000    364      9100000
   365      9125000    444     11100000
   445     11125000    524     13100000
   525     13125000    604     15100000
   605     15125000    684     17100000
   685     17125000    764     19100000
   765     19125000    844     21100000
   869     21725000    888     22200000
   889     22225000    892     22300000
   893     22325000    918     22950000
   919     22975000    960     24000000
  1085     27125000   1121     28025000
  1122     28050000   1201     30025000
  1202     30050000   1281     32025000
  1282     32050000   1361     34025000
  1362     34050000   1441     36025000
  1442     36050000   1521     38025000
  1522     38050000   1601     40025000
  1602     40050000   1681     42025000
  1682     42050000   1705     42625000
  1737     43425000   1816     45400000
  1817     45425000   1896     47400000
  1897     47425000   1976     49400000
  1977     49425000   2056     51400000
  2057     51425000   2136     53400000
  2137     53425000   2216     55400000
  2217     55425000   2296     57400000
  2297     57425000   2340     58500000
