from.id    from.cord  to.id      to.cord
    11       275000     83      2075000
    84      2100000    163      4075000
   164      4100000    243      6075000
   244      6100000    321      8025000
   322      8050000    370      9250000
   371      9275000    377      9425000
   379      9475000    458     11450000
   459     11475000    538     13450000
   539     13475000    618     15450000
   619     15475000    698     17450000
   699     17475000    778     19450000
   779     19475000    840     21000000
   841     21025000    920     23000000
  1079     26975000   1147     28675000
  1148     28700000   1227     30675000
  1228     30700000   1307     32675000
  1308     32700000   1387     34675000
  1388     34700000   1467     36675000
  1468     36700000   1547     38675000
  1548     38700000   1627     40675000
  1628     40700000   1674     41850000
  1736     43400000   1742     43550000
  1745     43625000   1752     43800000
  1753     43825000   1763     44075000
  1764     44100000   1843     46075000
  1844     46100000   1923     48075000
  1924     48100000   1990     49750000
  1996     49900000   2075     51875000
  2076     51900000   2155     53875000
  2156     53900000   2195     54875000
  2196     54900000   2200     55000000
  2281     57025000   2313     57825000
  2321     58025000   2331     58275000
  2334     58350000   2342     58550000
