from.id    from.cord  to.id      to.cord
     0            0     75      1875000
    76      1900000    155      3875000
   156      3900000    235      5875000
   236      5900000    315      7875000
   316      7900000    329      8225000
   330      8250000    357      8925000
   358      8950000    361      9025000
   362      9050000    374      9350000
   375      9375000    454     11350000
   455     11375000    534     13350000
   535     13375000    614     15350000
   615     15375000    694     17350000
   695     17375000    774     19350000
   775     19375000    849     21225000
   850     21250000    929     23225000
  1086     27150000   1139     28475000
  1140     28500000   1219     30475000
  1220     30500000   1299     32475000
  1300     32500000   1379     34475000
  1380     34500000   1459     36475000
  1460     36500000   1539     38475000
  1540     38500000   1619     40475000
  1620     40500000   1683     42075000
  1736     43400000   1749     43725000
  1750     43750000   1755     43875000
  1756     43900000   1835     45875000
  1836     45900000   1915     47875000
  1916     47900000   1995     49875000
  1996     49900000   2075     51875000
  2076     51900000   2155     53875000
  2156     53900000   2235     55875000
  2236     55900000   2315     57875000
  2316     57900000   2323     58075000
  2326     58150000   2342     58550000
