from.id    from.cord  to.id      to.cord
     9       225000     81      2025000
    82      2050000    161      4025000
   162      4050000    241      6025000
   242      6050000    321      8025000
   322      8050000    324      8100000
   325      8125000    377      9425000
   378      9450000    457     11425000
   458     11450000    537     13425000
   538     13450000    617     15425000
   618     15450000    697     17425000
   698     17450000    777     19425000
   778     19450000    842     21050000
   843     21075000    922     23050000
  1081     27025000   1145     28625000
  1146     28650000   1225     30625000
  1226     30650000   1305     32625000
  1306     32650000   1385     34625000
  1386     34650000   1465     36625000
  1466     36650000   1545     38625000
  1546     38650000   1625     40625000
  1734     43350000   1740     43500000
  1741     43525000   1751     43775000
  1752     43800000   1761     44025000
  1762     44050000   1841     46025000
  1842     46050000   1921     48025000
  1922     48050000   1990     49750000
  1993     49825000   2072     51800000
  2073     51825000   2152     53800000
  2153     53825000   2232     55800000
  2233     55825000   2312     57800000
  2313     57825000   2317     57925000
  2320     58000000   2333     58325000
  2335     58375000   2342     58550000
