from.id    from.cord  to.id      to.cord
     8       200000     22       550000
    23       575000     41      1025000
    44      1100000    123      3075000
   124      3100000    203      5075000
   204      5100000    283      7075000
   284      7100000    363      9075000
   364      9100000    443     11075000
   444     11100000    523     13075000
   524     13100000    603     15075000
   604     15100000    683     17075000
   684     17100000    763     19075000
   764     19100000    843     21075000
   844     21100000    869     21725000
   870     21750000    888     22200000
   917     22925000    961     24025000
  1105     27625000   1120     28000000
  1121     28025000   1200     30000000
  1201     30025000   1280     32000000
  1281     32025000   1360     34000000
  1361     34025000   1440     36000000
  1441     36025000   1520     38000000
  1521     38025000   1600     40000000
  1601     40025000   1680     42000000
  1681     42025000   1706     42650000
  1716     42900000   1732     43300000
  1733     43325000   1736     43400000
  1737     43425000   1816     45400000
  1817     45425000   1896     47400000
  1897     47425000   1976     49400000
  1977     49425000   2056     51400000
  2057     51425000   2136     53400000
  2137     53425000   2216     55400000
  2217     55425000   2296     57400000
  2297     57425000   2341     58525000
