from.id    from.cord  to.id      to.cord
     0            0     79      1975000
    80      2000000    159      3975000
   160      4000000    239      5975000
   240      6000000    319      7975000
   320      8000000    325      8125000
   326      8150000    377      9425000
   378      9450000    457     11425000
   458     11450000    537     13425000
   538     13450000    617     15425000
   618     15450000    697     17425000
   698     17450000    777     19425000
   778     19450000    844     21100000
   845     21125000    924     23100000
  1083     27075000   1143     28575000
  1144     28600000   1223     30575000
  1224     30600000   1303     32575000
  1304     32600000   1383     34575000
  1384     34600000   1463     36575000
  1464     36600000   1543     38575000
  1544     38600000   1623     40575000
  1624     40600000   1678     41950000
  1725     43125000   1732     43300000
  1733     43325000   1738     43450000
  1739     43475000   1749     43725000
  1750     43750000   1759     43975000
  1760     44000000   1839     45975000
  1840     46000000   1919     47975000
  1920     48000000   1999     49975000
  2000     50000000   2079     51975000
  2080     52000000   2159     53975000
  2160     54000000   2239     55975000
  2240     56000000   2319     57975000
  2323     58075000   2335     58375000
  2339     58475000   2342     58550000
