from.id    from.cord  to.id      to.cord
     7       175000     26       650000
    27       675000    106      2650000
   107      2675000    186      4650000
   187      4675000    266      6650000
   267      6675000    346      8650000
   347      8675000    426     10650000
   427     10675000    506     12650000
   507     12675000    586     14650000
   587     14675000    666     16650000
   667     16675000    746     18650000
   747     18675000    826     20650000
   827     20675000    867     21675000
   868     21700000    890     22250000
   892     22300000    918     22950000
   919     22975000    960     24000000
  1083     27075000   1120     28000000
  1121     28025000   1200     30000000
  1201     30025000   1280     32000000
  1281     32025000   1360     34000000
  1361     34025000   1440     36000000
  1441     36025000   1520     38000000
  1521     38025000   1600     40000000
  1601     40025000   1680     42000000
  1736     43400000   1815     45375000
  1816     45400000   1895     47375000
  1896     47400000   1975     49375000
  1976     49400000   2055     51375000
  2056     51400000   2135     53375000
  2136     53400000   2215     55375000
  2216     55400000   2295     57375000
