from.id    from.cord  to.id      to.cord
     0            0     74      1850000
    75      1875000    154      3850000
   155      3875000    234      5850000
   235      5875000    314      7850000
   315      7875000    332      8300000
   357      8925000    362      9050000
   366      9150000    373      9325000
   374      9350000    453     11325000
   454     11350000    533     13325000
   534     13350000    613     15325000
   614     15350000    693     17325000
   694     17350000    773     19325000
   774     19350000    850     21250000
   851     21275000    930     23250000
  1086     27150000   1138     28450000
  1139     28475000   1218     30450000
  1219     30475000   1298     32450000
  1299     32475000   1378     34450000
  1379     34475000   1458     36450000
  1459     36475000   1538     38450000
  1539     38475000   1618     40450000
  1619     40475000   1684     42100000
  1736     43400000   1746     43650000
  1747     43675000   1754     43850000
  1755     43875000   1834     45850000
  1835     45875000   1914     47850000
  1915     47875000   1994     49850000
  1995     49875000   2074     51850000
  2075     51875000   2154     53850000
  2155     53875000   2234     55850000
  2235     55875000   2314     57850000
  2315     57875000   2324     58100000
  2325     58125000   2342     58550000
