from.id    from.cord  to.id      to.cord
    19       475000     98      2450000
    99      2475000    178      4450000
   179      4475000    258      6450000
   259      6475000    338      8450000
   339      8475000    418     10450000
   419     10475000    498     12450000
   499     12475000    578     14450000
   579     14475000    658     16450000
   659     16475000    738     18450000
   739     18475000    818     20450000
   882     22050000    903     22575000
   907     22675000    911     22775000
   913     22825000    966     24150000
  1117     27925000   1196     29900000
  1197     29925000   1276     31900000
  1277     31925000   1356     33900000
  1357     33925000   1436     35900000
  1437     35925000   1516     37900000
  1517     37925000   1596     39900000
  1714     42850000   1732     43300000
  1733     43325000   1812     45300000
  1813     45325000   1892     47300000
  1893     47325000   1972     49300000
  1973     49325000   2052     51300000
  2053     51325000   2132     53300000
  2133     53325000   2212     55300000
  2213     55325000   2292     57300000
