from.id    from.cord  to.id      to.cord
    11       275000     28       700000
    31       775000     54      1350000
    55      1375000     76      1900000
    79      1975000     87      2175000
    89      2225000     92      2300000
    93      2325000    141      3525000
   142      3550000    145      3625000
   146      3650000    225      5625000
   226      5650000    276      6900000
   286      7150000    326      8150000
   336      8400000    344      8600000
   346      8650000    361      9025000
   362      9050000    368      9200000
   370      9250000    449     11225000
   450     11250000    518     12950000
   519     12975000    526     13150000
   527     13175000    606     15150000
   607     15175000    686     17150000
   687     17175000    732     18300000
   742     18550000    821     20525000
   822     20550000    830     20750000
   840     21000000    860     21500000
   861     21525000    925     23125000
   926     23150000    937     23425000
   938     23450000    945     23625000
   947     23675000    950     23750000
  1109     27725000   1121     28025000
  1122     28050000   1178     29450000
  1181     29525000   1260     31500000
  1261     31525000   1340     33500000
  1341     33525000   1420     35500000
  1421     35525000   1445     36125000
  1447     36175000   1455     36375000
  1457     36425000   1485     37125000
  1486     37150000   1494     37350000
  1496     37400000   1562     39050000
  1567     39175000   1590     39750000
  1600     40000000   1629     40725000
  1639     40975000   1655     41375000
  1656     41400000   1662     41550000
  1665     41625000   1671     41775000
  1681     42025000   1702     42550000
  1712     42800000   1732     43300000
  1733     43325000   1738     43450000
  1740     43500000   1773     44325000
  1774     44350000   1779     44475000
  1783     44575000   1862     46550000
  1863     46575000   1911     47775000
  1913     47825000   1920     48000000
  1922     48050000   1956     48900000
  1958     48950000   1965     49125000
  1966     49150000   1998     49950000
  2000     50000000   2008     50200000
  2010     50250000   2022     50550000
  2024     50600000   2060     51500000
  2062     51550000   2068     51700000
  2070     51750000   2149     53725000
  2150     53750000   2164     54100000
  2174     54350000   2185     54625000
  2187     54675000   2194     54850000
  2198     54950000   2225     55625000
  2235     55875000   2275     56875000
  2285     57125000   2338     58450000
