from.id    from.cord  to.id      to.cord
     0            0     76      1900000
    77      1925000    156      3900000
   157      3925000    236      5900000
   237      5925000    316      7900000
   317      7925000    328      8200000
   329      8225000    358      8950000
   361      9025000    375      9375000
   376      9400000    455     11375000
   456     11400000    535     13375000
   536     13400000    615     15375000
   616     15400000    695     17375000
   696     17400000    775     19375000
   776     19400000    848     21200000
   849     21225000    928     23200000
  1085     27125000   1140     28500000
  1141     28525000   1220     30500000
  1221     30525000   1300     32500000
  1301     32525000   1380     34500000
  1381     34525000   1460     36500000
  1461     36525000   1540     38500000
  1541     38525000   1620     40500000
  1621     40525000   1682     42050000
  1736     43400000   1749     43725000
  1750     43750000   1756     43900000
  1757     43925000   1836     45900000
  1917     47925000   1996     49900000
  1997     49925000   2076     51900000
  2077     51925000   2156     53900000
  2157     53925000   2236     55900000
  2237     55925000   2316     57900000
  2317     57925000   2323     58075000
  2324     58100000   2342     58550000
