from.id    from.cord  to.id      to.cord
    16       400000     85      2125000
    86      2150000    165      4125000
   166      4150000    245      6125000
   246      6150000    325      8125000
   326      8150000    405     10125000
   406     10150000    485     12125000
   486     12150000    565     14125000
   566     14150000    645     16125000
   646     16150000    725     18125000
   726     18150000    805     20125000
   836     20900000    915     22875000
  1075     26875000   1152     28800000
  1153     28825000   1232     30800000
  1233     30825000   1312     32800000
  1313     32825000   1392     34800000
  1393     34825000   1472     36800000
  1473     36825000   1552     38800000
  1553     38825000   1632     40800000
  1633     40825000   1668     41700000
  1735     43375000   1751     43775000
  1752     43800000   1761     44025000
  1762     44050000   1768     44200000
  1769     44225000   1848     46200000
  1849     46225000   1928     48200000
  1929     48225000   2008     50200000
  2009     50225000   2088     52200000
  2089     52225000   2168     54200000
  2169     54225000   2248     56200000
  2249     56225000   2310     57750000
