7 26
27 31
32 53
54 84
92 142
144 223
224 277
285 327
335 345
347 359
360 439
440 519
522 601
602 681
682 733
741 820
821 831
839 862
863 923
924 938
939 944
946 951
1108 1119
1120 1199
1200 1279
1280 1359
1360 1439
1440 1446
1448 1454
1456 1486
1487 1493
1495 1574
1575 1591
1599 1630
1638 1656
1657 1661
1664 1672
1680 1703
1712 1732
1733 1737
1739 1774
1775 1779
1782 1861
1862 1912
1914 1919
1921 1957
1959 1964
1965 1999
2001 2007
2009 2061
2069 2148
2149 2165
2173 2186
2197 2226
2234 2276
2284 2339
