from.id    from.cord  to.id      to.cord
     9       225000     18       450000
    19       475000     98      2450000
    99      2475000    178      4450000
   179      4475000    258      6450000
   259      6475000    338      8450000
   339      8475000    418     10450000
   419     10475000    498     12450000
   499     12475000    578     14450000
   579     14475000    658     16450000
   659     16475000    738     18450000
   739     18475000    818     20450000
   819     20475000    873     21825000
   879     21975000    882     22050000
   883     22075000    901     22525000
   902     22550000    905     22625000
   910     22750000    913     22825000
   914     22850000    965     24125000
  1117     27925000   1196     29900000
  1197     29925000   1276     31900000
  1277     31925000   1356     33900000
  1357     33925000   1436     35900000
  1437     35925000   1516     37900000
  1517     37925000   1596     39900000
  1734     43350000   1813     45325000
  1814     45350000   1893     47325000
  1894     47350000   1973     49325000
  1974     49350000   2053     51325000
  2054     51350000   2133     53325000
  2134     53350000   2213     55325000
  2214     55350000   2293     57325000
