from.id    from.cord  to.id      to.cord
     0            0     71      1775000
    72      1800000    151      3775000
   152      3800000    231      5775000
   232      5800000    311      7775000
   312      7800000    334      8350000
   335      8375000    354      8850000
   355      8875000    367      9175000
   368      9200000    371      9275000
   372      9300000    451     11275000
   452     11300000    531     13275000
   532     13300000    611     15275000
   612     15300000    691     17275000
   692     17300000    771     19275000
   772     19300000    851     21275000
   853     21325000    932     23300000
  1071     26775000   1135     28375000
  1136     28400000   1215     30375000
  1216     30400000   1295     32375000
  1296     32400000   1375     34375000
  1376     34400000   1455     36375000
  1456     36400000   1535     38375000
  1536     38400000   1615     40375000
  1616     40400000   1688     42200000
  1734     43350000   1744     43600000
  1745     43625000   1750     43750000
  1751     43775000   1830     45750000
  1831     45775000   1910     47750000
  1911     47775000   1990     49750000
  1991     49775000   2070     51750000
  2071     51775000   2150     53750000
  2231     55775000   2310     57750000
  2311     57775000   2326     58150000
  2327     58175000   2342     58550000
