from.id    from.cord  to.id      to.cord
     1        25000     52      1300000
    53      1325000    132      3300000
   133      3325000    212      5300000
   213      5325000    292      7300000
   293      7325000    372      9300000
   373      9325000    452     11300000
   453     11325000    532     13300000
   533     13325000    612     15300000
   613     15325000    692     17300000
   693     17325000    772     19300000
   773     19325000    852     21300000
   853     21325000    861     21525000
   862     21550000    932     23300000
   933     23325000    949     23725000
  1078     26950000   1128     28200000
  1129     28225000   1208     30200000
  1209     30225000   1288     32200000
  1289     32225000   1368     34200000
  1369     34225000   1448     36200000
  1449     36225000   1528     38200000
  1529     38225000   1608     40200000
  1609     40225000   1688     42200000
  1689     42225000   1697     42425000
  1698     42450000   1707     42675000
  1725     43125000   1737     43425000
  1738     43450000   1743     43575000
  1744     43600000   1823     45575000
  1824     45600000   1903     47575000
  1904     47600000   1983     49575000
  1984     49600000   2063     51575000
  2064     51600000   2143     53575000
  2144     53600000   2223     55575000
  2224     55600000   2303     57575000
  2304     57600000   2334     58350000
