from.id    from.cord  to.id      to.cord
     0            0     63      1575000
    68      1700000    147      3675000
   148      3700000    227      5675000
   228      5700000    307      7675000
   308      7700000    338      8450000
   344      8600000    352      8800000
   353      8825000    432     10800000
   433     10825000    512     12800000
   513     12825000    592     14800000
   593     14825000    672     16800000
   673     16825000    752     18800000
   753     18825000    832     20800000
   833     20825000    854     21350000
   855     21375000    934     23350000
  1073     26825000   1133     28325000
  1134     28350000   1213     30325000
  1214     30350000   1293     32325000
  1294     32350000   1373     34325000
  1374     34350000   1453     36325000
  1454     36350000   1533     38325000
  1534     38350000   1613     40325000
  1614     40350000   1690     42250000
  1732     43300000   1741     43525000
  1742     43550000   1748     43700000
  1749     43725000   1828     45700000
  1829     45725000   1908     47700000
  1909     47725000   1988     49700000
  1989     49725000   2068     51700000
  2069     51725000   2148     53700000
  2149     53725000   2228     55700000
  2229     55725000   2308     57700000
  2309     57725000   2329     58225000
