from.id    from.cord  to.id      to.cord
     0            0     10       250000
    11       275000     14       350000
    16       400000     81      2025000
    82      2050000    161      4025000
   162      4050000    241      6025000
   242      6050000    321      8025000
   322      8050000    401     10025000
   402     10050000    481     12025000
   482     12050000    561     14025000
   562     14050000    641     16025000
   642     16050000    721     18025000
   722     18050000    801     20025000
   802     20050000    838     20950000
   839     20975000    918     22950000
  1078     26950000   1149     28725000
  1150     28750000   1229     30725000
  1230     30750000   1309     32725000
  1310     32750000   1389     34725000
  1390     34750000   1469     36725000
  1470     36750000   1549     38725000
  1550     38750000   1629     40725000
  1630     40750000   1671     41775000
  1730     43250000   1737     43425000
  1738     43450000   1748     43700000
  1749     43725000   1756     43900000
  1757     43925000   1764     44100000
  1765     44125000   1844     46100000
  1845     46125000   1924     48100000
  2005     50125000   2084     52100000
  2085     52125000   2164     54100000
  2165     54125000   2244     56100000
  2245     56125000   2312     57800000
