from.id    from.cord  to.id      to.cord
     0            0     10       250000
    11       275000     56      1400000
    57      1425000     76      1900000
    77      1925000     94      2350000
    95      2375000    140      3500000
   141      3525000    146      3650000
   147      3675000    226      5650000
   227      5675000    247      6175000
   249      6225000    275      6875000
   287      7175000    308      7700000
   310      7750000    325      8125000
   330      8250000    336      8400000
   337      8425000    343      8575000
   345      8625000    363      9075000
   367      9175000    371      9275000
   372      9300000    451     11275000
   452     11300000    518     12950000
   519     12975000    527     13175000
   528     13200000    607     15175000
   608     15200000    687     17175000
   688     17200000    731     18275000
   743     18575000    822     20550000
   823     20575000    829     20725000
   841     21025000    858     21450000
   859     21475000    927     23175000
   928     23200000    934     23350000
   935     23375000    946     23650000
  1108     27700000   1122     28050000
  1123     28075000   1175     29375000
  1176     29400000   1180     29500000
  1183     29575000   1262     31550000
  1263     31575000   1342     33550000
  1343     33575000   1422     35550000
  1423     35575000   1444     36100000
  1446     36150000   1456     36400000
  1458     36450000   1484     37100000
  1485     37125000   1495     37375000
  1497     37425000   1561     39025000
  1565     39125000   1589     39725000
  1601     40025000   1628     40700000
  1640     41000000   1654     41350000
  1655     41375000   1663     41575000
  1666     41650000   1670     41750000
  1677     41925000   1681     42025000
  1682     42050000   1686     42150000
  1693     42325000   1701     42525000
  1713     42825000   1732     43300000
  1733     43325000   1739     43475000
  1741     43525000   1772     44300000
  1773     44325000   1781     44525000
  1784     44600000   1863     46575000
  1864     46600000   1910     47750000
  1912     47800000   1921     48025000
  1923     48075000   1955     48875000
  1956     48900000   1966     49150000
  1967     49175000   1997     49925000
  1998     49950000   2009     50225000
  2011     50275000   2016     50400000
  2025     50625000   2059     51475000
  2065     51625000   2070     51750000
  2071     51775000   2150     53750000
  2151     53775000   2163     54075000
  2164     54100000   2167     54175000
  2175     54375000   2184     54600000
  2185     54625000   2195     54875000
  2199     54975000   2211     55275000
  2215     55375000   2224     55600000
  2236     55900000   2274     56850000
  2286     57150000   2337     58425000
