from.id    from.cord  to.id      to.cord
     8       200000     20       500000
    26       650000     32       800000
    34       850000     37       925000
    38       950000     43      1075000
    46      1150000     52      1300000
    53      1325000     85      2125000
    91      2275000    170      4250000
   171      4275000    250      6250000
   251      6275000    278      6950000
   284      7100000    328      8200000
   334      8350000    346      8650000
   359      8975000    438     10950000
   439     10975000    518     12950000
   519     12975000    598     14950000
   599     14975000    678     16950000
   679     16975000    734     18350000
   740     18500000    819     20475000
   820     20500000    832     20800000
   838     20950000    865     21625000
   884     22100000    890     22250000
   904     22600000    910     22750000
   920     23000000    939     23475000
   945     23625000    952     23800000
   961     24025000    964     24100000
  1109     27725000   1118     27950000
  1119     27975000   1198     29950000
  1199     29975000   1278     31950000
  1279     31975000   1358     33950000
  1359     33975000   1438     35950000
  1439     35975000   1447     36175000
  1455     36375000   1487     37175000
  1494     37350000   1573     39325000
  1574     39350000   1592     39800000
  1598     39950000   1631     40775000
  1637     40925000   1657     41425000
  1663     41575000   1673     41825000
  1679     41975000   1704     42600000
  1738     43450000   1775     44375000
  1781     44525000   1860     46500000
  1861     46525000   1913     47825000
  1920     48000000   1958     48950000
  1964     49100000   2000     50000000
  2008     50200000   2062     51550000
  2068     51700000   2147     53675000
  2148     53700000   2166     54150000
  2172     54300000   2187     54675000
  2196     54900000   2227     55675000
  2233     55825000   2277     56925000
  2283     57075000   2340     58500000
