11 28
31 54
55 76
79 87
89 92
93 141
142 145
146 225
226 276
286 326
336 344
346 361
362 368
370 449
450 518
519 526
527 606
607 686
687 732
742 821
822 830
840 860
861 925
926 937
938 945
947 950
1109 1121
1122 1178
1181 1260
1261 1340
1341 1420
1421 1445
1447 1455
1457 1485
1486 1494
1496 1562
1567 1590
1600 1629
1639 1655
1656 1662
1665 1671
1681 1702
1712 1732
1733 1738
1740 1773
1774 1779
1783 1862
1863 1911
1913 1920
1922 1956
1958 1965
1966 1998
2000 2008
2010 2022
2024 2060
2062 2068
2070 2149
2150 2164
2174 2185
2187 2194
2198 2225
2235 2275
2285 2338
