from.id    from.cord  to.id      to.cord
     4       100000     31       775000
    50      1250000    129      3225000
   130      3250000    209      5225000
   210      5250000    289      7225000
   290      7250000    369      9225000
   370      9250000    449     11225000
   450     11250000    529     13225000
   530     13250000    609     15225000
   610     15250000    689     17225000
   690     17250000    769     19225000
   770     19250000    849     21225000
   850     21250000    864     21600000
   865     21625000    922     23050000
   923     23075000    953     23825000
  1081     27025000   1125     28125000
  1126     28150000   1205     30125000
  1206     30150000   1285     32125000
  1286     32150000   1365     34125000
  1366     34150000   1445     36125000
  1446     36150000   1525     38125000
  1526     38150000   1605     40125000
  1606     40150000   1685     42125000
  1686     42150000   1701     42525000
  1735     43375000   1740     43500000
  1741     43525000   1820     45500000
  1821     45525000   1900     47500000
  1901     47525000   1980     49500000
  1981     49525000   2060     51500000
  2061     51525000   2140     53500000
  2141     53525000   2220     55500000
  2221     55525000   2300     57500000
  2301     57525000   2337     58425000
