from.id    from.cord  to.id      to.cord
     6       150000     10       250000
    12       300000     78      1950000
    79      1975000    158      3950000
   159      3975000    238      5950000
   239      5975000    318      7950000
   319      7975000    326      8150000
   327      8175000    377      9425000
   378      9450000    457     11425000
   458     11450000    537     13425000
   538     13450000    617     15425000
   618     15450000    697     17425000
   698     17450000    777     19425000
   778     19450000    845     21125000
   846     21150000    925     23125000
  1084     27100000   1142     28550000
  1143     28575000   1222     30550000
  1223     30575000   1302     32550000
  1303     32575000   1382     34550000
  1383     34575000   1462     36550000
  1463     36575000   1542     38550000
  1543     38575000   1622     40550000
  1623     40575000   1679     41975000
  1730     43250000   1737     43425000
  1738     43450000   1748     43700000
  1749     43725000   1758     43950000
  1759     43975000   1838     45950000
  1839     45975000   1918     47950000
  1919     47975000   1998     49950000
  1999     49975000   2078     51950000
  2079     51975000   2158     53950000
  2159     53975000   2238     55950000
  2239     55975000   2318     57950000
  2319     57975000   2320     58000000
  2323     58075000   2336     58400000
  2338     58450000   2342     58550000
