from.id    from.cord  to.id      to.cord
     0            0     62      1550000
    63      1575000    142      3550000
   143      3575000    222      5550000
   223      5575000    302      7550000
   303      7575000    338      8450000
   341      8525000    344      8600000
   352      8800000    431     10775000
   432     10800000    511     12775000
   512     12800000    591     14775000
   592     14800000    671     16775000
   672     16800000    751     18775000
   752     18800000    831     20775000
   832     20800000    856     21400000
   857     21425000    936     23400000
  1074     26850000   1132     28300000
  1133     28325000   1212     30300000
  1213     30325000   1292     32300000
  1293     32325000   1372     34300000
  1453     36325000   1532     38300000
  1533     38325000   1612     40300000
  1613     40325000   1692     42300000
  1731     43275000   1736     43400000
  1742     43550000   1747     43675000
  1748     43700000   1827     45675000
  1828     45700000   1907     47675000
  1908     47700000   1987     49675000
  1988     49700000   2067     51675000
  2068     51700000   2147     53675000
  2148     53700000   2227     55675000
  2228     55700000   2307     57675000
  2308     57700000   2330     58250000
