from.id    from.cord  to.id      to.cord
     2        50000     51      1275000
    55      1375000    134      3350000
   135      3375000    214      5350000
   215      5375000    294      7350000
   295      7375000    374      9350000
   375      9375000    454     11350000
   455     11375000    534     13350000
   535     13375000    614     15350000
   615     15375000    694     17350000
   695     17375000    774     19350000
   775     19375000    854     21350000
   855     21375000    862     21550000
   863     21575000    931     23275000
   932     23300000    950     23750000
  1079     26975000   1127     28175000
  1128     28200000   1207     30175000
  1208     30200000   1287     32175000
  1288     32200000   1367     34175000
  1368     34200000   1447     36175000
  1448     36200000   1527     38175000
  1528     38200000   1607     40175000
  1608     40200000   1687     42175000
  1688     42200000   1698     42450000
  1699     42475000   1706     42650000
  1736     43400000   1742     43550000
  1743     43575000   1822     45550000
  1823     45575000   1902     47550000
  1903     47575000   1982     49550000
  1983     49575000   2062     51550000
  2063     51575000   2142     53550000
  2143     53575000   2222     55550000
  2223     55575000   2302     57550000
  2303     57575000   2335     58375000
