from.id    from.cord  to.id      to.cord
     0            0     77      1925000
    78      1950000    157      3925000
   158      3950000    237      5925000
   238      5950000    317      7925000
   318      7950000    327      8175000
   328      8200000    376      9400000
   377      9425000    456     11400000
   457     11425000    536     13400000
   537     13425000    616     15400000
   617     15425000    696     17400000
   697     17425000    776     19400000
   777     19425000    847     21175000
   848     21200000    927     23175000
  1084     27100000   1141     28525000
  1142     28550000   1221     30525000
  1222     30550000   1301     32525000
  1302     32550000   1381     34525000
  1382     34550000   1461     36525000
  1462     36550000   1541     38525000
  1542     38550000   1621     40525000
  1622     40550000   1680     42000000
  1731     43275000   1736     43400000
  1737     43425000   1749     43725000
  1750     43750000   1757     43925000
  1758     43950000   1837     45925000
  1918     47950000   1997     49925000
  1998     49950000   2077     51925000
  2078     51950000   2157     53925000
  2158     53950000   2237     55925000
  2238     55950000   2317     57925000
  2318     57950000   2321     58025000
  2323     58075000   2337     58425000
