from.id    from.cord  to.id      to.cord
     0            0     10       250000
    13       325000     81      2025000
    82      2050000    161      4025000
   162      4050000    241      6025000
   242      6050000    321      8025000
   322      8050000    324      8100000
   332      8300000    340      8500000
   353      8825000    364      9100000
   365      9125000    444     11100000
   445     11125000    524     13100000
   525     13125000    604     15100000
   605     15125000    684     17100000
   685     17125000    764     19100000
   765     19125000    840     21000000
   841     21025000    920     23000000
  1078     26950000   1148     28700000
  1149     28725000   1228     30700000
  1229     30725000   1308     32700000
  1309     32725000   1388     34700000
  1389     34725000   1468     36700000
  1469     36725000   1548     38700000
  1549     38725000   1628     40700000
  1629     40725000   1674     41850000
  1727     43175000   1738     43450000
  1739     43475000   1744     43600000
  1745     43625000   1753     43825000
  1754     43850000   1762     44050000
  1763     44075000   1842     46050000
  1843     46075000   1922     48050000
  1923     48075000   2002     50050000
  2003     50075000   2082     52050000
  2083     52075000   2162     54050000
  2163     54075000   2242     56050000
  2243     56075000   2314     57850000
