from.id    from.cord  to.id      to.cord
    13       325000     80      2000000
    81      2025000    160      4000000
   161      4025000    240      6000000
   241      6025000    320      8000000
   321      8025000    400     10000000
   401     10025000    480     12000000
   481     12025000    560     14000000
   561     14025000    640     16000000
   641     16025000    720     18000000
   721     18025000    800     20000000
   801     20025000    840     21000000
   841     21025000    920     23000000
  1076     26900000   1147     28675000
  1148     28700000   1227     30675000
  1228     30700000   1307     32675000
  1308     32700000   1387     34675000
  1388     34700000   1467     36675000
  1468     36700000   1547     38675000
  1548     38700000   1627     40675000
  1628     40700000   1674     41850000
  1728     43200000   1739     43475000
  1740     43500000   1746     43650000
  1747     43675000   1754     43850000
  1755     43875000   1762     44050000
  1763     44075000   1842     46050000
  1843     46075000   1922     48050000
  1923     48075000   2002     50050000
  2003     50075000   2082     52050000
  2083     52075000   2162     54050000
  2163     54075000   2242     56050000
  2243     56075000   2313     57825000
