from.id    from.cord  to.id      to.cord
     8       200000     22       550000
    26       650000    105      2625000
   106      2650000    185      4625000
   186      4650000    265      6625000
   266      6650000    345      8625000
   346      8650000    425     10625000
   426     10650000    505     12625000
   506     12650000    585     14625000
   586     14650000    665     16625000
   666     16650000    745     18625000
   746     18650000    825     20625000
   869     21725000    889     22225000
   918     22950000    961     24025000
  1084     27100000   1120     28000000
  1121     28025000   1200     30000000
  1201     30025000   1280     32000000
  1281     32025000   1360     34000000
  1361     34025000   1440     36000000
  1441     36025000   1520     38000000
  1521     38025000   1600     40000000
  1601     40025000   1680     42000000
  1736     43400000   1815     45375000
  1816     45400000   1895     47375000
  1896     47400000   1975     49375000
  1976     49400000   2055     51375000
  2056     51400000   2135     53375000
  2136     53400000   2215     55375000
  2216     55400000   2295     57375000
