from.id    from.cord  to.id      to.cord
     0            0     53      1325000
    57      1425000    136      3400000
   137      3425000    216      5400000
   217      5425000    296      7400000
   297      7425000    376      9400000
   377      9425000    456     11400000
   457     11425000    536     13400000
   537     13425000    616     15400000
   617     15425000    696     17400000
   697     17425000    776     19400000
   777     19425000    856     21400000
   857     21425000    860     21500000
   861     21525000    933     23325000
   934     23350000    946     23650000
  1077     26925000   1129     28225000
  1130     28250000   1209     30225000
  1210     30250000   1289     32225000
  1290     32250000   1369     34225000
  1370     34250000   1449     36225000
  1450     36250000   1529     38225000
  1530     38250000   1609     40225000
  1610     40250000   1689     42225000
  1690     42250000   1696     42400000
  1697     42425000   1708     42700000
  1726     43150000   1736     43400000
  1737     43425000   1744     43600000
  1745     43625000   1824     45600000
  1825     45625000   1904     47600000
  1905     47625000   1984     49600000
  1985     49625000   2064     51600000
  2065     51625000   2144     53600000
  2145     53625000   2224     55600000
  2225     55625000   2304     57600000
  2305     57625000   2333     58325000
