from.id    from.cord  to.id      to.cord
     7       175000     26       650000
    27       675000     31       775000
    32       800000     53      1325000
    54      1350000     84      2100000
    92      2300000    142      3550000
   144      3600000    223      5575000
   224      5600000    277      6925000
   285      7125000    327      8175000
   335      8375000    345      8625000
   347      8675000    359      8975000
   360      9000000    439     10975000
   440     11000000    519     12975000
   522     13050000    601     15025000
   602     15050000    681     17025000
   682     17050000    733     18325000
   741     18525000    820     20500000
   821     20525000    831     20775000
   839     20975000    862     21550000
   863     21575000    923     23075000
   924     23100000    938     23450000
   939     23475000    944     23600000
   946     23650000    951     23775000
  1108     27700000   1119     27975000
  1120     28000000   1199     29975000
  1200     30000000   1279     31975000
  1280     32000000   1359     33975000
  1360     34000000   1439     35975000
  1440     36000000   1446     36150000
  1448     36200000   1454     36350000
  1456     36400000   1486     37150000
  1487     37175000   1493     37325000
  1495     37375000   1574     39350000
  1575     39375000   1591     39775000
  1599     39975000   1630     40750000
  1638     40950000   1656     41400000
  1657     41425000   1661     41525000
  1664     41600000   1672     41800000
  1680     42000000   1703     42575000
  1712     42800000   1732     43300000
  1733     43325000   1737     43425000
  1739     43475000   1774     44350000
  1775     44375000   1779     44475000
  1782     44550000   1861     46525000
  1862     46550000   1912     47800000
  1914     47850000   1919     47975000
  1921     48025000   1957     48925000
  1959     48975000   1964     49100000
  1965     49125000   1999     49975000
  2001     50025000   2007     50175000
  2009     50225000   2061     51525000
  2069     51725000   2148     53700000
  2149     53725000   2165     54125000
  2173     54325000   2186     54650000
  2197     54925000   2226     55650000
  2234     55850000   2276     56900000
  2284     57100000   2339     58475000
