from.id    from.cord  to.id      to.cord
    10       250000     82      2050000
    83      2075000    162      4050000
   163      4075000    242      6050000
   243      6075000    322      8050000
   323      8075000    402     10050000
   403     10075000    482     12050000
   483     12075000    562     14050000
   563     14075000    642     16050000
   643     16075000    722     18050000
   723     18075000    802     20050000
   803     20075000    837     20925000
  1077     26925000   1150     28750000
  1151     28775000   1230     30750000
  1231     30775000   1310     32750000
  1311     32775000   1390     34750000
  1391     34775000   1470     36750000
  1471     36775000   1550     38750000
  1551     38775000   1630     40750000
  1631     40775000   1670     41750000
  1671     41775000   1749     43725000
  1750     43750000   1757     43925000
  1758     43950000   1766     44150000
  1767     44175000   1846     46150000
  1847     46175000   1926     48150000
  1927     48175000   2006     50150000
  2007     50175000   2086     52150000
  2087     52175000   2166     54150000
  2167     54175000   2246     56150000
  2247     56175000   2311     57775000
