from.id    from.cord  to.id      to.cord
    13       325000     81      2025000
    82      2050000    161      4025000
   162      4050000    241      6025000
   242      6050000    321      8025000
   322      8050000    335      8375000
   339      8475000    418     10450000
   419     10475000    498     12450000
   499     12475000    578     14450000
   579     14475000    658     16450000
   659     16475000    738     18450000
   739     18475000    818     20450000
   819     20475000    840     21000000
   841     21025000    920     23000000
  1077     26925000   1148     28700000
  1149     28725000   1228     30700000
  1229     30725000   1308     32700000
  1309     32725000   1388     34700000
  1389     34725000   1468     36700000
  1469     36725000   1548     38700000
  1549     38725000   1628     40700000
  1629     40725000   1674     41850000
  1727     43175000   1740     43500000
  1741     43525000   1746     43650000
  1747     43675000   1752     43800000
  1753     43825000   1762     44050000
  1763     44075000   1842     46050000
  1843     46075000   1922     48050000
  1923     48075000   2002     50050000
  2003     50075000   2082     52050000
  2083     52075000   2162     54050000
  2163     54075000   2242     56050000
  2243     56075000   2314     57850000
