from.id    from.cord  to.id      to.cord
     0            0     73      1825000
    74      1850000    153      3825000
   154      3850000    233      5825000
   234      5850000    313      7825000
   314      7850000    333      8325000
   334      8350000    355      8875000
   356      8900000    366      9150000
   367      9175000    372      9300000
   373      9325000    452     11300000
   453     11325000    532     13300000
   533     13325000    612     15300000
   613     15325000    692     17300000
   693     17325000    772     19300000
   773     19325000    851     21275000
   852     21300000    931     23275000
  1070     26750000   1137     28425000
  1138     28450000   1217     30425000
  1218     30450000   1297     32425000
  1298     32450000   1377     34425000
  1378     34450000   1457     36425000
  1458     36450000   1537     38425000
  1538     38450000   1617     40425000
  1618     40450000   1686     42150000
  1735     43375000   1745     43625000
  1746     43650000   1751     43775000
  1752     43800000   1831     45775000
  1832     45800000   1911     47775000
  1912     47800000   1991     49775000
  1992     49800000   2071     51775000
  2072     51800000   2151     53775000
  2152     53800000   2231     55775000
  2232     55800000   2311     57775000
  2312     57800000   2325     58125000
  2326     58150000   2342     58550000
