from.id    from.cord  to.id      to.cord
     0            0     68      1700000
    69      1725000    148      3700000
   149      3725000    228      5700000
   229      5725000    308      7700000
   309      7725000    334      8350000
   335      8375000    353      8825000
   354      8850000    365      9125000
   370      9250000    449     11225000
   450     11250000    529     13225000
   530     13250000    609     15225000
   610     15250000    689     17225000
   690     17250000    769     19225000
   770     19250000    849     21225000
   850     21250000    853     21325000
   854     21350000    933     23325000
  1072     26800000   1135     28375000
  1136     28400000   1215     30375000
  1216     30400000   1295     32375000
  1296     32400000   1375     34375000
  1376     34400000   1455     36375000
  1456     36400000   1535     38375000
  1536     38400000   1615     40375000
  1616     40400000   1688     42200000
  1689     42225000   1732     43300000
  1733     43325000   1741     43525000
  1744     43600000   1749     43725000
  1750     43750000   1829     45725000
  1830     45750000   1909     47725000
  1910     47750000   1989     49725000
  1990     49750000   2069     51725000
  2070     51750000   2149     53725000
  2150     53750000   2229     55725000
  2230     55750000   2309     57725000
  2310     57750000   2327     58175000
  2328     58200000   2342     58550000
