from.id    from.cord  to.id      to.cord
     7       175000     80      2000000
    81      2025000    160      4000000
   161      4025000    240      6000000
   241      6025000    320      8000000
   321      8025000    324      8100000
   325      8125000    379      9475000
   380      9500000    459     11475000
   460     11500000    539     13475000
   540     13500000    619     15475000
   620     15500000    699     17475000
   700     17500000    779     19475000
   780     19500000    843     21075000
   844     21100000    923     23075000
  1082     27050000   1144     28600000
  1145     28625000   1224     30600000
  1225     30625000   1304     32600000
  1305     32625000   1384     34600000
  1385     34625000   1464     36600000
  1465     36625000   1544     38600000
  1545     38625000   1624     40600000
  1625     40625000   1677     41925000
  1726     43150000   1732     43300000
  1733     43325000   1739     43475000
  1740     43500000   1750     43750000
  1751     43775000   1760     44000000
  1761     44025000   1840     46000000
  1841     46025000   1920     48000000
  1921     48025000   1987     49675000
  1992     49800000   2071     51775000
  2072     51800000   2151     53775000
  2152     53800000   2231     55775000
  2232     55800000   2311     57775000
  2312     57800000   2317     57925000
  2322     58050000   2334     58350000
  2336     58400000   2341     58525000
