from.id    from.cord  to.id      to.cord
     0            0     58      1450000
    61      1525000    140      3500000
   141      3525000    220      5500000
   221      5525000    300      7500000
   301      7525000    347      8675000
   351      8775000    430     10750000
   431     10775000    510     12750000
   511     12775000    590     14750000
   591     14775000    670     16750000
   671     16775000    750     18750000
   751     18775000    830     20750000
   831     20775000    857     21425000
   858     21450000    937     23425000
  1075     26875000   1131     28275000
  1132     28300000   1211     30275000
  1212     30300000   1291     32275000
  1292     32300000   1371     34275000
  1452     36300000   1531     38275000
  1532     38300000   1611     40275000
  1612     40300000   1691     42275000
  1692     42300000   1693     42325000
  1730     43250000   1736     43400000
  1740     43500000   1746     43650000
  1747     43675000   1826     45650000
  1827     45675000   1906     47650000
  1907     47675000   1986     49650000
  1987     49675000   2066     51650000
  2067     51675000   2146     53650000
  2147     53675000   2226     55650000
  2227     55675000   2306     57650000
  2307     57675000   2330     58250000
