4 14
16 25
26 38
39 43
44 119
120 124
127 131
132 211
212 291
292 371
372 438
439 443
444 451
452 456
457 536
537 564
565 569
570 618
633 636
637 664
673 676
677 708
709 713
714 726
768 775
776 810
826 829
831 835
836 849
850 859
1082 1089
1090 1169
1170 1221
1222 1232
1233 1278
1279 1285
1286 1365
1366 1443
1456 1459
1460 1512
1531 1534
1536 1541
1542 1621
1622 1701
1702 1726
1727 1733
1734 1813
1821 1826
1827 1846
1866 1870
1871 1878
1879 1884
1885 1896
1902 1905
1906 1985
1986 2001
2007 2086
2087 2166
2167 2246
2247 2326
2327 2380
2381 2385
2386 2396
2397 2410
2411 2487
2488 2493
2494 2573
2574 2588
2595 2598
2599 2678
2679 2758
2759 2838
2839 2918
2919 2998
2999 3022
3023 3027
3028 3107
3108 3187
3188 3232
3233 3237
3241 3263
3265 3274
3278 3285
3287 3295
3296 3312
