from.id    from.cord  to.id      to.cord
   321     16050000    360     18000000
   361     18050000    400     20000000
   401     20050000    440     22000000
   441     22050000    480     24000000
   481     24050000    520     26000000
   521     26050000    560     28000000
   561     28050000    600     30000000
   601     30050000    640     32000000
   641     32050000    680     34000000
   681     34050000    720     36000000
   721     36050000    760     38000000
   761     38050000    800     40000000
   801     40050000    840     42000000
   841     42050000    880     44000000
   881     44050000    920     46000000
   921     46050000    960     48000000
   961     48050000   1000     50000000
