from.id    from.cord  to.id      to.cord
   405     20250000    444     22200000
   445     22250000    484     24200000
   485     24250000    524     26200000
   525     26250000    564     28200000
   565     28250000    604     30200000
   605     30250000    644     32200000
   645     32250000    684     34200000
   685     34250000    724     36200000
   725     36250000    764     38200000
   765     38250000    804     40200000
   805     40250000    844     42200000
   845     42250000    884     44200000
   885     44250000    924     46200000
   925     46250000    964     48200000
   965     48250000   1004     50200000
