from.id    from.cord  to.id      to.cord
   486     24300000    525     26250000
   526     26300000    565     28250000
   566     28300000    605     30250000
   606     30300000    645     32250000
   646     32300000    685     34250000
   686     34300000    725     36250000
   726     36300000    765     38250000
   766     38300000    805     40250000
   806     40300000    845     42250000
   846     42300000    885     44250000
   886     44300000    925     46250000
   926     46300000    965     48250000
   966     48300000   1005     50250000
