from.id    from.cord  to.id      to.cord
   369     18450000    408     20400000
   409     20450000    448     22400000
   449     22450000    488     24400000
   489     24450000    528     26400000
   529     26450000    568     28400000
   569     28450000    608     30400000
   609     30450000    648     32400000
   649     32450000    688     34400000
   689     34450000    728     36400000
   729     36450000    768     38400000
   769     38450000    808     40400000
   809     40450000    848     42400000
   849     42450000    888     44400000
   889     44450000    928     46400000
   929     46450000    968     48400000
   969     48450000   1008     50400000
