from.id    from.cord  to.id      to.cord
   323     16150000    362     18100000
   403     20150000    442     22100000
   443     22150000    482     24100000
   483     24150000    522     26100000
   523     26150000    562     28100000
   563     28150000    602     30100000
   603     30150000    642     32100000
   643     32150000    682     34100000
   683     34150000    722     36100000
   723     36150000    762     38100000
   763     38150000    802     40100000
   803     40150000    842     42100000
   843     42150000    882     44100000
   883     44150000    922     46100000
   923     46150000    962     48100000
   963     48150000   1002     50100000
