from.id    from.cord  to.id      to.cord
   372     18600000    411     20550000
   412     20600000    451     22550000
   452     22600000    491     24550000
   492     24600000    531     26550000
   532     26600000    571     28550000
   572     28600000    611     30550000
   612     30600000    651     32550000
   652     32600000    691     34550000
   692     34600000    731     36550000
   732     36600000    771     38550000
   772     38600000    811     40550000
   812     40600000    851     42550000
   852     42600000    891     44550000
   892     44600000    931     46550000
   932     46600000    971     48550000
   972     48600000   1011     50550000
