from.id    from.cord  to.id      to.cord
   404     20200000    443     22150000
   444     22200000    483     24150000
   484     24200000    523     26150000
   524     26200000    563     28150000
   564     28200000    603     30150000
   604     30200000    643     32150000
   644     32200000    683     34150000
   684     34200000    723     36150000
   724     36200000    763     38150000
   764     38200000    803     40150000
   804     40200000    843     42150000
   844     42200000    883     44150000
   884     44200000    923     46150000
   924     46200000    963     48150000
   964     48200000   1003     50150000
