from.id    from.cord  to.id      to.cord
     0            0     17      1700000
    18      1800000     37      3700000
    38      3800000     57      5700000
    58      5800000     77      7700000
    78      7800000     81      8100000
    83      8300000     92      9200000
    93      9300000    112     11200000
   113     11300000    132     13200000
   133     13300000    152     15200000
   153     15300000    172     17200000
   173     17300000    192     19200000
   193     19300000    210     21000000
   212     21200000    231     23100000
   277     27700000    279     27900000
   280     28000000    283     28300000
   284     28400000    303     30300000
   304     30400000    323     32300000
   324     32400000    343     34300000
   344     34400000    363     36300000
   364     36400000    383     38300000
   384     38400000    403     40300000
   404     40400000    421     42100000
   432     43200000    433     43300000
   434     43400000    437     43700000
   438     43800000    457     45700000
   458     45800000    473     47300000
   475     47500000    483     48300000
   484     48400000    495     49500000
   497     49700000    506     50600000
   507     50700000    526     52600000
   527     52700000    546     54600000
   547     54700000    566     56600000
   567     56700000    580     58000000
