from.id    from.cord  to.id      to.cord
     0            0     15      1500000
    16      1600000     35      3500000
    36      3600000     55      5500000
    56      5600000     75      7500000
    76      7600000     83      8300000
    85      8500000     90      9000000
    91      9100000    110     11000000
   111     11100000    130     13000000
   131     13100000    150     15000000
   151     15100000    170     17000000
   171     17100000    190     19000000
   191     19100000    210     21000000
   211     21100000    212     21200000
   214     21400000    233     23300000
   279     27900000    281     28100000
   282     28200000    301     30100000
   302     30200000    321     32100000
   322     32200000    341     34100000
   342     34200000    361     36100000
   362     36200000    381     38100000
   382     38200000    401     40100000
   402     40200000    421     42100000
   422     42200000    423     42300000
   430     43000000    435     43500000
   436     43600000    455     45500000
   456     45600000    475     47500000
   477     47700000    482     48200000
   483     48300000    497     49700000
   499     49900000    504     50400000
   505     50500000    524     52400000
   525     52500000    544     54400000
   545     54500000    564     56400000
   565     56500000    582     58200000
