from.id    from.cord  to.id      to.cord
     0            0     17      1700000
    18      1800000     37      3700000
    38      3800000     57      5700000
    58      5800000     77      7700000
    78      7800000     97      9700000
    98      9800000    117     11700000
   118     11800000    137     13700000
   138     13800000    157     15700000
   158     15800000    177     17700000
   178     17800000    197     19700000
   198     19800000    211     21100000
   212     21200000    231     23100000
   272     27200000    280     28000000
   282     28200000    301     30100000
   302     30200000    321     32100000
   322     32200000    341     34100000
   342     34200000    361     36100000
   362     36200000    381     38100000
   382     38200000    401     40100000
   402     40200000    421     42100000
   422     42200000    441     44100000
   442     44200000    461     46100000
   462     46200000    481     48100000
   502     50200000    521     52100000
   522     52200000    541     54100000
   542     54200000    561     56100000
   562     56200000    581     58100000
