from.id    from.cord  to.id      to.cord
     1       100000     13      1300000
    14      1400000     33      3300000
    34      3400000     53      5300000
    54      5400000     73      7300000
    74      7400000     84      8400000
    86      8600000     89      8900000
    90      9000000    109     10900000
   110     11000000    129     12900000
   130     13000000    149     14900000
   150     15000000    169     16900000
   170     17000000    189     18900000
   190     19000000    209     20900000
   210     21000000    213     21300000
   215     21500000    231     23100000
   232     23200000    236     23600000
   278     27800000    279     27900000
   280     28000000    299     29900000
   300     30000000    319     31900000
   320     32000000    339     33900000
   340     34000000    359     35900000
   360     36000000    379     37900000
   380     38000000    399     39900000
   400     40000000    419     41900000
   420     42000000    424     42400000
   431     43100000    433     43300000
   434     43400000    453     45300000
   454     45400000    473     47300000
   474     47400000    476     47600000
   479     47900000    480     48000000
   481     48100000    498     49800000
   500     50000000    503     50300000
   504     50400000    523     52300000
   524     52400000    543     54300000
   544     54400000    563     56300000
   564     56400000    583     58300000
