from.id    from.cord  to.id      to.cord
     0            0     16      1600000
    17      1700000     36      3600000
    37      3700000     56      5600000
    57      5700000     76      7600000
    77      7700000     96      9600000
    97      9700000    116     11600000
   117     11700000    136     13600000
   137     13700000    156     15600000
   157     15700000    176     17600000
   177     17700000    196     19600000
   197     19700000    214     21400000
   215     21500000    234     23400000
   276     27600000    295     29500000
   296     29600000    315     31500000
   316     31600000    335     33500000
   336     33600000    355     35500000
   356     35600000    375     37500000
   376     37600000    395     39500000
   396     39600000    415     41500000
   416     41600000    424     42400000
   425     42500000    434     43400000
   435     43500000    454     45400000
   455     45500000    474     47400000
   475     47500000    494     49400000
   495     49500000    514     51400000
   515     51500000    534     53400000
   535     53500000    554     55400000
   555     55500000    574     57400000
