from.id    from.cord  to.id      to.cord
     0            0     19      1900000
    20      2000000     39      3900000
    40      4000000     59      5900000
    60      6000000     79      7900000
    80      8000000     99      9900000
   100     10000000    119     11900000
   120     12000000    139     13900000
   140     14000000    159     15900000
   160     16000000    179     17900000
   180     18000000    199     19900000
   200     20000000    209     20900000
   274     27400000    282     28200000
   284     28400000    303     30300000
   304     30400000    323     32300000
   324     32400000    343     34300000
   344     34400000    363     36300000
   364     36400000    383     38300000
   384     38400000    403     40300000
   404     40400000    423     42300000
   424     42400000    443     44300000
   444     44400000    463     46300000
   464     46400000    483     48300000
   484     48400000    503     50300000
   504     50400000    523     52300000
   524     52400000    543     54300000
   544     54400000    563     56300000
   564     56400000    583     58300000
