from.id    from.cord  to.id      to.cord
     0            0     19      1900000
    20      2000000     25      2500000
    26      2600000     45      4500000
    46      4600000     65      6500000
    66      6600000     85      8500000
    86      8600000    105     10500000
   106     10600000    125     12500000
   126     12600000    145     14500000
   146     14600000    165     16500000
   166     16600000    185     18500000
   186     18600000    205     20500000
   260     26000000    279     27900000
   282     28200000    286     28600000
   287     28700000    306     30600000
   307     30700000    326     32600000
   327     32700000    346     34600000
   347     34700000    366     36600000
   367     36700000    386     38600000
   387     38700000    406     40600000
   407     40700000    415     41500000
   416     41600000    419     41900000
   421     42100000    424     42400000
   426     42600000    440     44000000
   441     44100000    460     46000000
   461     46100000    480     48000000
   481     48100000    500     50000000
   501     50100000    520     52000000
   521     52100000    540     54000000
   541     54100000    560     56000000
   561     56100000    577     57700000
   578     57800000    579     57900000
   580     58000000    584     58400000
