from.id    from.cord  to.id      to.cord
     0            0     15      1500000
    16      1600000     35      3500000
    36      3600000     55      5500000
    56      5600000     75      7500000
    76      7600000     95      9500000
    96      9600000    115     11500000
   116     11600000    135     13500000
   136     13600000    155     15500000
   156     15600000    175     17500000
   176     17600000    195     19500000
   196     19600000    215     21500000
   216     21600000    235     23500000
   276     27600000    279     27900000
   280     28000000    299     29900000
   300     30000000    319     31900000
   320     32000000    339     33900000
   340     34000000    359     35900000
   360     36000000    379     37900000
   380     38000000    399     39900000
   400     40000000    419     41900000
   420     42000000    425     42500000
   426     42600000    433     43300000
   434     43400000    453     45300000
   454     45400000    473     47300000
   474     47400000    493     49300000
   494     49400000    513     51300000
   514     51400000    533     53300000
   534     53400000    553     55300000
   554     55400000    573     57300000
