from.id    from.cord  to.id      to.cord
     0            0     19      1900000
    20      2000000     22      2200000
    23      2300000     42      4200000
    43      4300000     62      6200000
    63      6300000     82      8200000
    83      8300000    102     10200000
   103     10300000    122     12200000
   123     12300000    142     14200000
   143     14300000    162     16200000
   163     16300000    182     18200000
   183     18300000    202     20200000
   203     20300000    207     20700000
   276     27600000    279     27900000
   282     28200000    283     28300000
   285     28500000    304     30400000
   305     30500000    324     32400000
   325     32500000    344     34400000
   345     34500000    364     36400000
   365     36500000    384     38400000
   385     38500000    404     40400000
   405     40500000    424     42400000
   425     42500000    444     44400000
   445     44500000    464     46400000
   465     46500000    484     48400000
   485     48500000    504     50400000
   505     50500000    524     52400000
   525     52500000    544     54400000
   545     54500000    564     56400000
   565     56500000    584     58400000
