from.id    from.cord  to.id      to.cord
     0            0     13      1300000
    14      1400000     33      3300000
    34      3400000     53      5300000
    54      5400000     73      7300000
    74      7400000     93      9300000
    94      9400000    113     11300000
   114     11400000    133     13300000
   134     13400000    153     15300000
   154     15400000    173     17300000
   174     17400000    193     19300000
   194     19400000    213     21300000
   214     21400000    215     21500000
   216     21600000    235     23500000
   276     27600000    295     29500000
   296     29600000    315     31500000
   316     31600000    335     33500000
   336     33600000    355     35500000
   356     35600000    375     37500000
   376     37600000    395     39500000
   396     39600000    415     41500000
   416     41600000    426     42600000
   430     43000000    449     44900000
   450     45000000    469     46900000
   470     47000000    489     48900000
   490     49000000    509     50900000
   510     51000000    529     52900000
   530     53000000    549     54900000
   550     55000000    569     56900000
