from.id    from.cord  to.id      to.cord
     0            0     19      1900000
    20      2000000     21      2100000
    22      2200000     41      4100000
    42      4200000     61      6100000
    62      6200000     81      8100000
    82      8200000    101     10100000
   102     10200000    121     12100000
   122     12200000    141     14100000
   142     14200000    161     16100000
   162     16200000    181     18100000
   182     18200000    201     20100000
   202     20200000    208     20800000
   209     20900000    228     22800000
   275     27500000    280     28000000
   283     28300000    284     28400000
   285     28500000    304     30400000
   305     30500000    324     32400000
   325     32500000    344     34400000
   345     34500000    364     36400000
   365     36500000    384     38400000
   385     38500000    404     40400000
   405     40500000    424     42400000
   425     42500000    444     44400000
   445     44500000    464     46400000
   465     46500000    484     48400000
   485     48500000    504     50400000
   505     50500000    524     52400000
   525     52500000    544     54400000
   545     54500000    564     56400000
   565     56500000    584     58400000
