from.id    from.cord  to.id      to.cord
     0            0     18      1800000
    19      1900000     38      3800000
    39      3900000     58      5800000
    59      5900000     78      7800000
    79      7900000     98      9800000
    99      9900000    118     11800000
   119     11900000    138     13800000
   139     13900000    158     15800000
   159     15900000    178     17800000
   179     17900000    198     19800000
   199     19900000    210     21000000
   211     21100000    230     23000000
   273     27300000    279     27900000
   280     28000000    281     28100000
   282     28200000    301     30100000
   302     30200000    321     32100000
   322     32200000    341     34100000
   342     34200000    361     36100000
   362     36200000    381     38100000
   382     38200000    401     40100000
   402     40200000    421     42100000
   422     42200000    441     44100000
   442     44200000    461     46100000
   462     46200000    481     48100000
   502     50200000    521     52100000
   522     52200000    541     54100000
   542     54200000    561     56100000
   562     56200000    581     58100000
