from.id    from.cord  to.id      to.cord
     0            0     14      1400000
    15      1500000     34      3400000
    35      3500000     54      5400000
    55      5500000     74      7400000
    75      7500000     94      9400000
    95      9500000    114     11400000
   115     11500000    134     13400000
   135     13500000    154     15400000
   155     15500000    174     17400000
   175     17500000    194     19400000
   195     19500000    214     21400000
   216     21600000    233     23300000
   234     23400000    236     23600000
   280     28000000    299     29900000
   300     30000000    319     31900000
   320     32000000    339     33900000
   340     34000000    359     35900000
   360     36000000    379     37900000
   380     38000000    399     39900000
   400     40000000    419     41900000
   420     42000000    426     42600000
   433     43300000    452     45200000
   453     45300000    472     47200000
   473     47300000    492     49200000
   493     49300000    512     51200000
   513     51300000    532     53200000
   533     53300000    552     55200000
   553     55300000    572     57200000
