from.id    from.cord  to.id      to.cord
     0            0     14      1400000
    15      1500000     34      3400000
    35      3500000     54      5400000
    55      5500000     74      7400000
    75      7500000     94      9400000
    95      9500000    114     11400000
   115     11500000    134     13400000
   135     13500000    154     15400000
   155     15500000    174     17400000
   175     17500000    194     19400000
   195     19500000    214     21400000
   215     21500000    234     23400000
   279     27900000    298     29800000
   299     29900000    318     31800000
   319     31900000    338     33800000
   339     33900000    358     35800000
   359     35900000    378     37800000
   379     37900000    398     39800000
   399     39900000    418     41800000
   419     41900000    438     43800000
   439     43900000    458     45800000
   459     45900000    478     47800000
   479     47900000    498     49800000
   499     49900000    518     51800000
   519     51900000    538     53800000
   539     53900000    558     55800000
   559     55900000    578     57800000
