from.id    from.cord  to.id      to.cord
     0            0     16      1600000
    17      1700000     36      3600000
    37      3700000     56      5600000
    57      5700000     76      7600000
    77      7700000     96      9600000
    97      9700000    116     11600000
   117     11700000    136     13600000
   137     13700000    156     15600000
   157     15700000    176     17600000
   177     17700000    196     19600000
   197     19700000    212     21200000
   213     21300000    232     23200000
   271     27100000    279     27900000
   281     28100000    300     30000000
   301     30100000    320     32000000
   321     32100000    340     34000000
   341     34100000    360     36000000
   361     36100000    380     38000000
   381     38100000    400     40000000
   401     40100000    420     42000000
   421     42100000    440     44000000
   441     44100000    460     46000000
   461     46100000    480     48000000
   481     48100000    500     50000000
   501     50100000    520     52000000
   521     52100000    540     54000000
   541     54100000    560     56000000
   561     56100000    580     58000000
