from.id    from.cord  to.id      to.cord
     0            0     32      1600000
    33      1650000     72      3600000
    73      3650000    112      5600000
   113      5650000    152      7600000
   153      7650000    192      9600000
   193      9650000    232     11600000
   233     11650000    272     13600000
   273     13650000    312     15600000
   313     15650000    352     17600000
   353     17650000    392     19600000
   393     19650000    425     21250000
   426     21300000    465     23250000
   532     26600000    569     28450000
   570     28500000    609     30450000
   610     30500000    649     32450000
   650     32500000    689     34450000
   690     34500000    729     36450000
   730     36500000    769     38450000
   770     38500000    809     40450000
   810     40500000    841     42050000
   842     42100000    878     43900000
   879     43950000    918     45900000
   959     47950000    998     49900000
   999     49950000   1038     51900000
  1039     51950000   1078     53900000
  1079     53950000   1118     55900000
  1119     55950000   1158     57900000
  1159     57950000   1160     58000000
  1161     58050000   1169     58450000
