from.id    from.cord  to.id      to.cord
     0            0     39      1950000
    41      2050000     80      4000000
    81      4050000    120      6000000
   121      6050000    154      7700000
   155      7750000    163      8150000
   164      8200000    174      8700000
   176      8800000    215     10750000
   216     10800000    255     12750000
   256     12800000    295     14750000
   296     14800000    335     16750000
   336     16800000    375     18750000
   376     18800000    415     20750000
   417     20850000    456     22800000
   532     26600000    571     28550000
   572     28600000    578     28900000
   579     28950000    618     30900000
   619     30950000    658     32900000
   659     32950000    698     34900000
   699     34950000    738     36900000
   739     36950000    778     38900000
   779     38950000    818     40900000
   819     40950000    831     41550000
   832     41600000    871     43550000
   872     43600000    886     44300000
   887     44350000    926     46300000
   927     46350000    966     48300000
   967     48350000    979     48950000
   980     49000000    981     49050000
   982     49100000   1021     51050000
  1022     51100000   1061     53050000
  1062     53100000   1101     55050000
  1102     55100000   1141     57050000
  1142     57100000   1152     57600000
  1154     57700000   1159     57950000
  1160     58000000   1162     58100000
  1163     58150000   1170     58500000
