from.id    from.cord  to.id      to.cord
     0            0     11      1100000
    12      1200000     31      3100000
    32      3200000     51      5100000
    52      5200000     71      7100000
    72      7200000     91      9100000
    92      9200000    111     11100000
   112     11200000    131     13100000
   132     13200000    151     15100000
   169     16900000    172     17200000
   193     19300000    212     21200000
   267     26700000    286     28600000
   307     30700000    326     32600000
   327     32700000    346     34600000
   347     34700000    366     36600000
   367     36700000    370     37000000
   371     37100000    375     37500000
   376     37600000    395     39500000
   396     39600000    415     41500000
   416     41600000    435     43500000
   436     43600000    453     45300000
   454     45400000    473     47300000
   475     47500000    494     49400000
   495     49500000    514     51400000
   515     51500000    534     53400000
   535     53500000    554     55400000
   555     55500000    574     57400000
   575     57500000    594     59400000
   595     59500000    614     61400000
   615     61500000    634     63400000
   635     63500000    654     65400000
   655     65500000    674     67400000
   675     67500000    694     69400000
   695     69500000    714     71400000
   715     71500000    734     73400000
   735     73500000    754     75400000
   755     75500000    774     77400000
   775     77500000    794     79400000
   795     79500000    808     80800000
   809     80900000    828     82800000
