from.id    from.cord  to.id      to.cord
     0            0     19      1900000
    20      2000000     39      3900000
    40      4000000     59      5900000
    60      6000000     79      7900000
    80      8000000     99      9900000
   100     10000000    119     11900000
   120     12000000    139     13900000
   140     14000000    149     14900000
   150     15000000    169     16900000
   170     17000000    189     18900000
   190     19000000    209     20900000
   269     26900000    280     28000000
   284     28400000    303     30300000
   304     30400000    323     32300000
   324     32400000    343     34300000
   383     38300000    397     39700000
   398     39800000    417     41700000
   418     41800000    437     43700000
   438     43800000    439     43900000
   440     44000000    459     45900000
   460     46000000    479     47900000
   480     48000000    484     48400000
   485     48500000    504     50400000
   505     50500000    524     52400000
   525     52500000    544     54400000
   545     54500000    564     56400000
   565     56500000    584     58400000
   585     58500000    604     60400000
   605     60500000    624     62400000
   625     62500000    644     64400000
   645     64500000    664     66400000
   665     66500000    684     68400000
   685     68500000    704     70400000
   705     70500000    724     72400000
   725     72500000    744     74400000
   745     74500000    764     76400000
   765     76500000    784     78400000
   785     78500000    796     79600000
   797     79700000    816     81600000
