from.id    from.cord  to.id      to.cord
     0            0     15      1500000
    16      1600000     35      3500000
    36      3600000     55      5500000
    56      5600000     75      7500000
    76      7600000     95      9500000
    96      9600000    115     11500000
   116     11600000    135     13500000
   136     13600000    153     15300000
   154     15400000    173     17300000
   174     17400000    193     19300000
   269     26900000    277     27700000
   281     28100000    300     30000000
   321     32100000    340     34000000
   341     34100000    360     36000000
   361     36100000    366     36600000
   367     36700000    386     38600000
   387     38700000    393     39300000
   394     39400000    413     41300000
   414     41400000    433     43300000
   434     43400000    443     44300000
   444     44400000    445     44500000
   446     44600000    448     44800000
   449     44900000    468     46800000
   469     46900000    479     47900000
   480     48000000    499     49900000
   500     50000000    519     51900000
   520     52000000    539     53900000
   540     54000000    559     55900000
   560     56000000    579     57900000
   580     58000000    599     59900000
   600     60000000    619     61900000
   620     62000000    639     63900000
   640     64000000    659     65900000
   660     66000000    679     67900000
   680     68000000    699     69900000
   700     70000000    719     71900000
   720     72000000    739     73900000
   740     74000000    759     75900000
   760     76000000    779     77900000
   780     78000000    799     79900000
