from.id    from.cord  to.id      to.cord
     0            0     17      1700000
    18      1800000     37      3700000
    38      3800000     57      5700000
    58      5800000     77      7700000
    78      7800000     97      9700000
    98      9800000    117     11700000
   118     11800000    137     13700000
   138     13800000    151     15100000
   152     15200000    171     17100000
   192     19200000    211     21100000
   269     26900000    279     27900000
   283     28300000    302     30200000
   303     30300000    322     32200000
   323     32300000    342     34200000
   385     38500000    395     39500000
   396     39600000    415     41500000
   416     41600000    435     43500000
   436     43600000    440     44000000
   441     44100000    460     46000000
   461     46100000    480     48000000
   482     48200000    501     50100000
   502     50200000    521     52100000
   522     52200000    541     54100000
   542     54200000    561     56100000
   562     56200000    581     58100000
   582     58200000    601     60100000
   602     60200000    621     62100000
   622     62200000    641     64100000
   642     64200000    661     66100000
   662     66200000    681     68100000
   682     68200000    701     70100000
   702     70200000    721     72100000
   722     72200000    741     74100000
   742     74200000    761     76100000
   762     76200000    781     78100000
   782     78200000    798     79800000
   799     79900000    818     81800000
