from.id    from.cord  to.id      to.cord
     0            0      9       900000
    10      1000000     29      2900000
    30      3000000     49      4900000
    50      5000000     69      6900000
    70      7000000     89      8900000
    90      9000000    109     10900000
   110     11000000    129     12900000
   130     13000000    149     14900000
   150     15000000    159     15900000
   160     16000000    162     16200000
   165     16500000    177     17700000
   178     17800000    197     19700000
   198     19800000    200     20000000
   269     26900000    288     28800000
   289     28900000    308     30800000
   309     30900000    328     32800000
   329     32900000    348     34800000
   349     34900000    368     36800000
   382     38200000    385     38500000
   386     38600000    405     40500000
   406     40600000    425     42500000
   426     42600000    445     44500000
   456     45600000    473     47300000
   474     47400000    493     49300000
   494     49400000    513     51300000
   514     51400000    533     53300000
   534     53400000    553     55300000
   554     55400000    573     57300000
   574     57400000    593     59300000
   594     59400000    613     61300000
   614     61400000    633     63300000
   634     63400000    653     65300000
   654     65400000    673     67300000
   674     67400000    693     69300000
   694     69400000    713     71300000
   714     71400000    733     73300000
   734     73400000    753     75300000
   754     75400000    773     77300000
   774     77400000    793     79300000
   794     79400000    810     81000000
