from.id    from.cord  to.id      to.cord
     0            0     10      1000000
    11      1100000     30      3000000
    31      3100000     50      5000000
    51      5100000     70      7000000
    71      7100000     90      9000000
    91      9100000    110     11000000
   111     11100000    130     13000000
   131     13100000    150     15000000
   151     15100000    159     15900000
   160     16000000    165     16500000
   166     16600000    174     17400000
   175     17500000    194     19400000
   195     19500000    201     20100000
   267     26700000    286     28600000
   307     30700000    326     32600000
   327     32700000    346     34600000
   347     34700000    366     36600000
   367     36700000    386     38600000
   387     38700000    406     40600000
   407     40700000    426     42600000
   427     42700000    446     44600000
   455     45500000    473     47300000
   474     47400000    493     49300000
   494     49400000    513     51300000
   514     51400000    533     53300000
   534     53400000    553     55300000
   554     55400000    573     57300000
   574     57400000    593     59300000
   594     59400000    613     61300000
   614     61400000    633     63300000
   634     63400000    653     65300000
   654     65400000    673     67300000
   674     67400000    693     69300000
   694     69400000    713     71300000
   714     71400000    733     73300000
   734     73400000    753     75300000
   754     75400000    773     77300000
   774     77400000    793     79300000
   794     79400000    809     80900000
   810     81000000    829     82900000
