from.id    from.cord  to.id      to.cord
     0            0     18      1800000
    19      1900000     38      3800000
    39      3900000     58      5800000
    59      5900000     78      7800000
    79      7900000     98      9800000
    99      9900000    118     11800000
   119     11900000    138     13800000
   139     13900000    150     15000000
   151     15100000    170     17000000
   191     19100000    210     21000000
   269     26900000    283     28300000
   284     28400000    303     30300000
   304     30400000    323     32300000
   324     32400000    343     34300000
   364     36400000    383     38300000
   384     38400000    396     39600000
   397     39700000    416     41600000
   417     41700000    436     43600000
   437     43700000    439     43900000
   440     44000000    459     45900000
   460     46000000    479     47900000
   480     48000000    482     48200000
   483     48300000    502     50200000
   503     50300000    522     52200000
   523     52300000    542     54200000
   543     54300000    562     56200000
   563     56300000    582     58200000
   583     58300000    602     60200000
   623     62300000    642     64200000
   643     64300000    662     66200000
   663     66300000    682     68200000
   683     68300000    702     70200000
   703     70300000    722     72200000
   723     72300000    742     74200000
   743     74300000    762     76200000
   763     76300000    782     78200000
   783     78300000    797     79700000
