from.id    from.cord  to.id      to.cord
     0            0     14      1400000
    15      1500000     34      3400000
    35      3500000     54      5400000
    55      5500000     74      7400000
    75      7500000     94      9400000
    95      9500000    114     11400000
   115     11500000    134     13400000
   135     13500000    154     15400000
   155     15500000    174     17400000
   175     17500000    194     19400000
   277     27700000    296     29600000
   297     29700000    316     31600000
   317     31700000    336     33600000
   337     33700000    356     35600000
   357     35700000    367     36700000
   368     36800000    387     38700000
   388     38800000    392     39200000
   393     39300000    412     41200000
   433     43300000    449     44900000
   450     45000000    469     46900000
   470     47000000    478     47800000
   479     47900000    498     49800000
   499     49900000    518     51800000
   519     51900000    538     53800000
   539     53900000    558     55800000
   559     55900000    578     57800000
   579     57900000    598     59800000
   599     59900000    618     61800000
   619     61900000    638     63800000
   639     63900000    658     65800000
   659     65900000    678     67800000
   679     67900000    698     69800000
   699     69900000    718     71800000
   719     71900000    738     73800000
   739     73900000    758     75800000
   759     75900000    778     77800000
   779     77900000    798     79800000
   799     79900000    801     80100000
   802     80200000    821     82100000
