from.id    from.cord  to.id      to.cord
     0            0      9       900000
    10      1000000     29      2900000
    30      3000000     49      4900000
    50      5000000     69      6900000
    70      7000000     89      8900000
    90      9000000    109     10900000
   110     11000000    129     12900000
   130     13000000    149     14900000
   150     15000000    159     15900000
   160     16000000    163     16300000
   164     16400000    175     17500000
   176     17600000    195     19500000
   196     19600000    200     20000000
   205     20500000    221     22100000
   267     26700000    286     28600000
   307     30700000    326     32600000
   327     32700000    346     34600000
   347     34700000    366     36600000
   367     36700000    386     38600000
   387     38700000    406     40600000
   407     40700000    426     42600000
   427     42700000    446     44600000
   456     45600000    472     47200000
   473     47300000    492     49200000
   493     49300000    512     51200000
   513     51300000    532     53200000
   533     53300000    552     55200000
   553     55300000    572     57200000
   573     57300000    592     59200000
   593     59300000    612     61200000
   613     61300000    632     63200000
   633     63300000    652     65200000
   653     65300000    672     67200000
   673     67300000    692     69200000
   693     69300000    712     71200000
   713     71300000    732     73200000
   733     73300000    752     75200000
   753     75300000    772     77200000
   773     77300000    792     79200000
   793     79300000    810     81000000
