from.id    from.cord  to.id      to.cord
     2       200000      6       600000
     9       900000     28      2800000
    29      2900000     48      4800000
    49      4900000     68      6800000
    69      6900000     88      8800000
    89      8900000    108     10800000
   109     10900000    128     12800000
   129     12900000    148     14800000
   149     14900000    152     15200000
   158     15800000    159     15900000
   161     16100000    164     16400000
   171     17100000    174     17400000
   175     17500000    178     17800000
   179     17900000    180     18000000
   181     18100000    182     18200000
   195     19500000    200     20000000
   206     20600000    207     20700000
   209     20900000    210     21000000
   271     27100000    272     27200000
   274     27400000    293     29300000
   294     29400000    303     30300000
   309     30900000    317     31700000
   323     32300000    342     34200000
   343     34300000    359     35900000
   367     36700000    376     37600000
   382     38200000    385     38500000
   387     38700000    406     40600000
   407     40700000    426     42600000
   427     42700000    429     42900000
   435     43500000    451     45100000
   458     45800000    459     45900000
   478     47800000    497     49700000
   498     49800000    517     51700000
   518     51800000    537     53700000
   538     53800000    557     55700000
   558     55800000    577     57700000
   578     57800000    597     59700000
   598     59800000    617     61700000
   618     61800000    619     61900000
   625     62500000    644     64400000
   651     65100000    670     67000000
   671     67100000    690     69000000
   691     69100000    710     71000000
   711     71100000    730     73000000
   731     73100000    750     75000000
   751     75100000    770     77000000
   771     77100000    790     79000000
   791     79100000    808     80800000
   810     81000000    822     82200000
