from.id    from.cord  to.id      to.cord
     0            0      7       700000
     8       800000     27      2700000
    28      2800000     47      4700000
    48      4800000     67      6700000
    68      6800000     87      8700000
    88      8800000    107     10700000
   108     10800000    127     12700000
   128     12800000    147     14700000
   148     14800000    161     16100000
   163     16300000    179     17900000
   180     18000000    195     19500000
   207     20700000    221     22100000
   272     27200000    291     29100000
   292     29200000    311     31100000
   312     31200000    331     33100000
   332     33200000    351     35100000
   352     35200000    371     37100000
   372     37200000    378     37800000
   379     37900000    383     38300000
   384     38400000    403     40300000
   404     40400000    423     42300000
   424     42400000    443     44300000
   444     44400000    456     45600000
   464     46400000    471     47100000
   472     47200000    491     49100000
   492     49200000    511     51100000
   512     51200000    531     53100000
   532     53200000    551     55100000
   552     55200000    571     57100000
   572     57200000    591     59100000
   592     59200000    611     61100000
   612     61200000    631     63100000
   632     63200000    651     65100000
   652     65200000    671     67100000
   672     67200000    691     69100000
   692     69200000    711     71100000
   712     71200000    731     73100000
   732     73200000    751     75100000
   752     75200000    771     77100000
   772     77200000    791     79100000
   792     79200000    810     81000000
