from.id    from.cord  to.id      to.cord
     0            0      7       700000
     8       800000     27      2700000
    28      2800000     47      4700000
    48      4800000     67      6700000
    68      6800000     87      8700000
    88      8800000    107     10700000
   108     10800000    127     12700000
   128     12800000    147     14700000
   168     16800000    180     18000000
   181     18100000    182     18200000
   184     18400000    193     19300000
   194     19400000    207     20700000
   272     27200000    291     29100000
   292     29200000    311     31100000
   312     31200000    331     33100000
   332     33200000    351     35100000
   352     35200000    371     37100000
   383     38300000    402     40200000
   403     40300000    422     42200000
   423     42300000    442     44200000
   471     47100000    490     49000000
   491     49100000    510     51000000
   511     51100000    530     53000000
   531     53100000    550     55000000
   551     55100000    570     57000000
   571     57100000    590     59000000
   591     59100000    610     61000000
   611     61100000    630     63000000
   631     63100000    650     65000000
   651     65100000    670     67000000
   671     67100000    690     69000000
   691     69100000    710     71000000
   711     71100000    730     73000000
   731     73100000    750     75000000
   751     75100000    770     77000000
   771     77100000    790     79000000
   791     79100000    810     81000000
   812     81200000    819     81900000
   820     82000000    822     82200000
