from.id    from.cord  to.id      to.cord
     0            0     16      1600000
    17      1700000     36      3600000
    37      3700000     56      5600000
    57      5700000     76      7600000
    77      7700000     96      9600000
    97      9700000    116     11600000
   117     11700000    136     13600000
   137     13700000    152     15200000
   153     15300000    172     17200000
   193     19300000    212     21200000
   269     26900000    278     27800000
   280     28000000    281     28100000
   282     28200000    301     30100000
   302     30200000    321     32100000
   322     32200000    341     34100000
   342     34200000    361     36100000
   362     36200000    365     36500000
   366     36600000    385     38500000
   386     38600000    394     39400000
   395     39500000    414     41400000
   415     41500000    434     43400000
   435     43500000    441     44100000
   442     44200000    446     44600000
   448     44800000    467     46700000
   468     46800000    480     48000000
   481     48100000    500     50000000
   501     50100000    520     52000000
   521     52100000    540     54000000
   541     54100000    560     56000000
   561     56100000    580     58000000
   581     58100000    600     60000000
   601     60100000    620     62000000
   621     62100000    640     64000000
   641     64100000    660     66000000
   661     66100000    680     68000000
   681     68100000    700     70000000
   701     70100000    720     72000000
   721     72100000    740     74000000
   741     74100000    760     76000000
   761     76100000    780     78000000
   781     78100000    799     79900000
   800     80000000    819     81900000
