from.id    from.cord  to.id      to.cord
     0            0     19      1900000
    21      2100000     40      4000000
    41      4100000     60      6000000
    61      6100000     80      8000000
    81      8100000    100     10000000
   101     10100000    120     12000000
   121     12100000    140     14000000
   141     14100000    148     14800000
   189     18900000    208     20800000
   269     26900000    281     28100000
   286     28600000    305     30500000
   306     30600000    325     32500000
   326     32600000    345     34500000
   346     34600000    361     36100000
   382     38200000    398     39800000
   399     39900000    418     41800000
   419     41900000    438     43800000
   439     43900000    441     44100000
   442     44200000    461     46100000
   462     46200000    481     48100000
   482     48200000    484     48400000
   485     48500000    504     50400000
   505     50500000    524     52400000
   525     52500000    544     54400000
   545     54500000    564     56400000
   565     56500000    584     58400000
   585     58500000    604     60400000
   605     60500000    624     62400000
   625     62500000    644     64400000
   645     64500000    664     66400000
   665     66500000    684     68400000
   685     68500000    704     70400000
   705     70500000    724     72400000
   725     72500000    744     74400000
   745     74500000    764     76400000
   765     76500000    784     78400000
   785     78500000    795     79500000
   796     79600000    815     81500000
