from.id    from.cord  to.id      to.cord
     0            0      8       800000
     9       900000     28      2800000
    29      2900000     48      4800000
    49      4900000     68      6800000
    69      6900000     88      8800000
    89      8900000    108     10800000
   109     10900000    128     12800000
   129     12900000    148     14800000
   149     14900000    160     16000000
   162     16200000    179     17900000
   180     18000000    196     19600000
   269     26900000    288     28800000
   289     28900000    308     30800000
   309     30900000    328     32800000
   329     32900000    348     34800000
   349     34900000    368     36800000
   385     38500000    404     40400000
   405     40500000    424     42400000
   425     42500000    444     44400000
   445     44500000    456     45600000
   457     45700000    471     47100000
   472     47200000    491     49100000
   492     49200000    511     51100000
   512     51200000    531     53100000
   532     53200000    551     55100000
   552     55200000    571     57100000
   572     57200000    591     59100000
   592     59200000    611     61100000
   612     61200000    631     63100000
   632     63200000    651     65100000
   652     65200000    671     67100000
   672     67200000    691     69100000
   692     69200000    711     71100000
   712     71200000    731     73100000
   732     73200000    751     75100000
   752     75200000    771     77100000
   772     77200000    791     79100000
   792     79200000    810     81000000
