0 12
13 16
17 23
24 57
58 64
65 104
105 144
145 184
185 224
225 264
265 304
305 307
315 320
321 330
331 340
341 350
351 359
360 361
374 389
390 402
411 416
417 422
541 546
547 586
587 608
609 616
617 637
638 644
645 684
685 721
722 731
732 753
763 774
775 802
803 804
805 844
845 860
861 868
869 905
906 914
915 920
931 943
944 945
946 954
955 994
995 998
999 1000
1001 1040
1041 1080
1081 1120
1121 1160
1161 1195
1196 1203
1204 1241
1242 1248
1249 1288
1289 1292
1293 1301
1302 1341
1342 1381
1382 1421
1422 1461
1462 1501
1502 1510
1513 1515
1516 1555
1556 1595
1596 1617
1618 1649
1650 1653
