1 11
12 17
18 22
23 58
59 63
64 103
104 143
144 183
184 223
224 263
264 303
304 308
316 319
320 331
332 339
340 352
353 355
356 365
383 386
387 403
412 415
416 423
542 545
546 585
586 609
610 615
616 638
639 643
644 683
684 722
723 730
731 754
764 771
772 811
812 851
852 861
862 867
868 906
907 913
914 921
932 935
936 937
938 942
943 946
947 953
954 993
994 1033
1034 1073
1074 1113
1114 1153
1154 1193
1194 1196
1197 1202
1203 1242
1243 1247
1248 1287
1288 1293
1294 1300
1301 1340
1341 1380
1381 1420
1421 1460
1461 1500
1501 1540
1541 1580
1581 1618
1619 1631
1633 1648
1649 1655
