from.id    from.cord  to.id      to.cord
   662     16550000    686     17150000
   687     17175000    718     17950000
   719     17975000    725     18125000
   753     18825000    766     19150000
   790     19750000    823     20575000
   824     20600000    830     20750000
   834     20850000    839     20975000
   856     21400000    869     21725000
   870     21750000    895     22375000
   896     22400000    899     22475000
   900     22500000    923     23075000
   924     23100000    942     23550000
   943     23575000    953     23825000
   954     23850000    971     24275000
   975     24375000    979     24475000
   980     24500000   1006     25150000
  1012     25300000   1025     25625000
  1026     25650000   1105     27625000
  1106     27650000   1185     29625000
  1186     29650000   1265     31625000
  1266     31650000   1345     33625000
  1346     33650000   1425     35625000
  1426     35650000   1505     37625000
  1506     37650000   1585     39625000
  1586     39650000   1665     41625000
  1666     41650000   1745     43625000
  1746     43650000   1825     45625000
  1826     45650000   1905     47625000
  1906     47650000   1985     49625000
  1986     49650000   2002     50050000
