from.id    from.cord  to.id      to.cord
   667     16675000    683     17075000
   685     17125000    710     17750000
   715     17875000    721     18025000
   757     18925000    765     19125000
   766     19150000    784     19600000
   819     20475000    822     20550000
   823     20575000    831     20775000
   832     20800000    839     20975000
   840     21000000    843     21075000
   860     21500000    867     21675000
   868     21700000    885     22125000
   889     22225000    894     22350000
   897     22425000    900     22500000
   902     22550000    908     22700000
   909     22725000    919     22975000
   920     23000000    928     23200000
   930     23250000    940     23500000
   942     23550000    953     23825000
   956     23900000    974     24350000
   975     24375000    979     24475000
   982     24550000    988     24700000
   991     24775000   1006     25150000
  1025     25625000   1104     27600000
  1105     27625000   1184     29600000
  1185     29625000   1264     31600000
  1265     31625000   1344     33600000
  1345     33625000   1424     35600000
  1425     35625000   1493     37325000
  1494     37350000   1498     37450000
  1499     37475000   1529     38225000
  1532     38300000   1537     38425000
  1540     38500000   1553     38825000
  1556     38900000   1561     39025000
  1564     39100000   1586     39650000
  1588     39700000   1667     41675000
  1668     41700000   1671     41775000
  1673     41825000   1680     42000000
  1681     42025000   1691     42275000
  1695     42375000   1730     43250000
  1733     43325000   1812     45300000
  1813     45325000   1834     45850000
  1835     45875000   1846     46150000
  1847     46175000   1862     46550000
  1868     46700000   1884     47100000
  1886     47150000   1942     48550000
  1945     48625000   1958     48950000
  1961     49025000   1994     49850000
  1998     49950000   2021     50525000
