from.id    from.cord  to.id      to.cord
   665     16625000    684     17100000
   685     17125000    720     18000000
   753     18825000    766     19150000
   767     19175000    783     19575000
   786     19650000    832     20800000
   833     20825000    837     20925000
   838     20950000    842     21050000
   856     21400000    867     21675000
   868     21700000    884     22100000
   886     22150000    895     22375000
   896     22400000    923     23075000
   926     23150000    941     23525000
   942     23550000    952     23800000
   954     23850000    972     24300000
   973     24325000    978     24450000
   980     24500000    991     24775000
   992     24800000   1005     25125000
  1015     25375000   1023     25575000
  1024     25600000   1103     27575000
  1104     27600000   1183     29575000
  1184     29600000   1263     31575000
  1264     31600000   1343     33575000
  1344     33600000   1423     35575000
  1424     35600000   1503     37575000
  1504     37600000   1528     38200000
  1530     38250000   1540     38500000
  1541     38525000   1552     38800000
  1554     38850000   1564     39100000
  1565     39125000   1644     41100000
  1645     41125000   1724     43100000
  1725     43125000   1804     45100000
  1805     45125000   1835     45875000
  1836     45900000   1843     46075000
  1844     46100000   1923     48075000
  1924     48100000   2000     50000000
