from.id    from.cord  to.id      to.cord
   652     16300000    708     17700000
   740     18500000    768     19200000
   849     21225000    875     21875000
   876     21900000    954     23850000
   955     23875000    962     24050000
   986     24650000    996     24900000
   997     24925000   1076     26900000
  1077     26925000   1156     28900000
  1157     28925000   1236     30900000
  1237     30925000   1316     32900000
  1317     32925000   1396     34900000
  1397     34925000   1476     36900000
  1477     36925000   1556     38900000
  1557     38925000   1636     40900000
  1637     40925000   1716     42900000
  1717     42925000   1796     44900000
  1797     44925000   1876     46900000
  1877     46925000   1956     48900000
  1957     48925000   2003     50075000
  2004     50100000   2029     50725000
