from.id    from.cord  to.id      to.cord
   654     16350000    691     17275000
   692     17300000    714     17850000
   758     18950000    788     19700000
   789     19725000    862     21550000
   863     21575000    873     21825000
   874     21850000    877     21925000
   878     21950000    939     23475000
   944     23600000    955     23875000
   956     23900000    966     24150000
   967     24175000    976     24400000
   977     24425000    997     24925000
   998     24950000   1026     25650000
  1027     25675000   1106     27650000
  1107     27675000   1186     29650000
  1187     29675000   1266     31650000
  1267     31675000   1346     33650000
  1347     33675000   1426     35650000
  1427     35675000   1506     37650000
  1507     37675000   1586     39650000
  1587     39675000   1666     41650000
  1667     41675000   1746     43650000
  1747     43675000   1826     45650000
  1827     45675000   1906     47650000
  1907     47675000   1986     49650000
  1987     49675000   2011     50275000
