from.id    from.cord  to.id      to.cord
   668     16700000    682     17050000
   684     17100000    722     18050000
   757     18925000    764     19100000
   765     19125000    786     19650000
   787     19675000    794     19850000
   818     20450000    823     20575000
   824     20600000    830     20750000
   831     20775000    840     21000000
   859     21475000    865     21625000
   866     21650000    887     22175000
   889     22225000    893     22325000
   896     22400000    901     22525000
   902     22550000    907     22675000
   909     22725000    920     23000000
   921     23025000    927     23175000
   931     23275000    939     23475000
   941     23525000    954     23850000
   957     23925000    972     24300000
   974     24350000    981     24525000
   983     24575000    987     24675000
   990     24750000   1008     25200000
  1024     25600000   1103     27575000
  1104     27600000   1183     29575000
  1184     29600000   1263     31575000
  1264     31600000   1343     33575000
  1344     33600000   1423     35575000
  1424     35600000   1494     37350000
  1498     37450000   1531     38275000
  1533     38325000   1536     38400000
  1539     38475000   1555     38875000
  1557     38925000   1560     39000000
  1563     39075000   1642     41050000
  1643     41075000   1673     41825000
  1674     41850000   1678     41950000
  1680     42000000   1759     43975000
  1760     44000000   1835     45875000
  1838     45950000   1845     46125000
  1846     46150000   1864     46600000
  1866     46650000   1945     48625000
  1946     48650000   1998     49950000
  2008     50200000   2020     50500000
  2022     50550000   2026     50650000
