from.id    from.cord  to.id      to.cord
   664     16600000    685     17125000
   686     17150000    719     17975000
   753     18825000    767     19175000
   768     19200000    784     19600000
   785     19625000    834     20850000
   837     20925000    843     21075000
   855     21375000    868     21700000
   869     21725000    883     22075000
   884     22100000    899     22475000
   900     22500000    923     23075000
   924     23100000    942     23550000
   943     23575000    951     23775000
   953     23825000    973     24325000
   979     24475000    992     24800000
   993     24825000   1004     25100000
  1006     25150000   1010     25250000
  1014     25350000   1026     25650000
  1027     25675000   1106     27650000
  1107     27675000   1186     29650000
  1187     29675000   1266     31650000
  1267     31675000   1346     33650000
  1347     33675000   1426     35650000
  1427     35675000   1497     37425000
  1499     37475000   1527     38175000
  1529     38225000   1541     38525000
  1542     38550000   1551     38775000
  1553     38825000   1565     39125000
  1566     39150000   1645     41125000
  1646     41150000   1725     43125000
  1726     43150000   1805     45125000
  1806     45150000   1834     45850000
  1835     45875000   1844     46100000
  1845     46125000   1924     48100000
  1925     48125000   1999     49975000
  2003     50075000   2019     50475000
