from.id    from.cord  to.id      to.cord
   653     16325000    699     17475000
   700     17500000    708     17700000
   710     17750000    714     17850000
   715     17875000    718     17950000
   750     18750000    766     19150000
   847     21175000    884     22100000
   885     22125000    908     22700000
   909     22725000    929     23225000
   934     23350000    982     24550000
   983     24575000    987     24675000
   988     24700000   1032     25800000
  1033     25825000   1112     27800000
  1113     27825000   1192     29800000
  1193     29825000   1272     31800000
  1273     31825000   1352     33800000
  1353     33825000   1432     35800000
  1433     35825000   1512     37800000
  1513     37825000   1592     39800000
  1593     39825000   1672     41800000
  1673     41825000   1752     43800000
  1753     43825000   1832     45800000
  1833     45825000   1912     47800000
  1913     47825000   1992     49800000
  1993     49825000   1999     49975000
