from.id    from.cord  to.id      to.cord
   652     16300000    709     17725000
   740     18500000    767     19175000
   848     21200000    876     21900000
   877     21925000    953     23825000
   986     24650000    994     24850000
   995     24875000   1074     26850000
  1075     26875000   1154     28850000
  1155     28875000   1234     30850000
  1235     30875000   1314     32850000
  1315     32875000   1394     34850000
  1395     34875000   1474     36850000
  1475     36875000   1554     38850000
  1555     38875000   1634     40850000
  1635     40875000   1714     42850000
  1715     42875000   1794     44850000
  1795     44875000   1874     46850000
  1875     46875000   1954     48850000
  1955     48875000   2003     50075000
  2004     50100000   2028     50700000
