from.id    from.cord  to.id      to.cord
   652     16300000    695     17375000
   696     17400000    712     17800000
   760     19000000    770     19250000
   771     19275000    776     19400000
   777     19425000    786     19650000
   787     19675000    864     21600000
   865     21625000    870     21750000
   871     21775000    879     21975000
   880     22000000    918     22950000
   919     22975000    925     23125000
   938     23450000    957     23925000
   958     23950000    964     24100000
   965     24125000    978     24450000
   979     24475000    995     24875000
   996     24900000   1008     25200000
  1010     25250000   1028     25700000
  1029     25725000   1108     27700000
  1109     27725000   1188     29700000
  1189     29725000   1268     31700000
  1269     31725000   1348     33700000
  1349     33725000   1428     35700000
  1429     35725000   1508     37700000
  1509     37725000   1588     39700000
  1589     39725000   1668     41700000
  1669     41725000   1748     43700000
  1749     43725000   1828     45700000
  1829     45725000   1908     47700000
  1909     47725000   1988     49700000
  1989     49725000   2009     50225000
