from.id    from.cord  to.id      to.cord
   666     16650000    684     17100000
   685     17125000    709     17725000
   717     17925000    720     18000000
   754     18850000    766     19150000
   767     19175000    783     19575000
   785     19625000    819     20475000
   822     20550000    832     20800000
   833     20825000    838     20950000
   857     21425000    868     21700000
   869     21725000    884     22100000
   887     22175000    896     22400000
   901     22525000    909     22725000
   910     22750000    919     22975000
   920     23000000    942     23550000
   943     23575000    952     23800000
   955     23875000    974     24350000
   975     24375000    978     24450000
   981     24525000    991     24775000
   992     24800000   1005     25125000
  1016     25400000   1021     25525000
  1025     25625000   1104     27600000
  1105     27625000   1184     29600000
  1185     29625000   1264     31600000
  1265     31625000   1344     33600000
  1345     33625000   1424     35600000
  1425     35625000   1492     37300000
  1493     37325000   1501     37525000
  1502     37550000   1528     38200000
  1531     38275000   1539     38475000
  1540     38500000   1552     38800000
  1555     38875000   1564     39100000
  1565     39125000   1581     39525000
  1587     39675000   1666     41650000
  1667     41675000   1670     41750000
  1672     41800000   1681     42025000
  1682     42050000   1695     42375000
  1699     42475000   1729     43225000
  1731     43275000   1810     45250000
  1811     45275000   1833     45825000
  1837     45925000   1847     46175000
  1848     46200000   1861     46525000
  1871     46775000   1884     47100000
  1886     47150000   1939     48475000
  1945     48625000   1955     48875000
  1956     48900000   1960     49000000
  1961     49025000   1981     49525000
  1983     49575000   1993     49825000
  1996     49900000   2023     50575000
