from.id    from.cord  to.id      to.cord
   660     16500000    688     17200000
   689     17225000    715     17875000
   716     17900000    722     18050000
   751     18775000    768     19200000
   769     19225000    791     19775000
   792     19800000    825     20625000
   826     20650000    831     20775000
   832     20800000    839     20975000
   847     21175000    871     21775000
   872     21800000    922     23050000
   923     23075000    944     23600000
   945     23625000    953     23825000
   954     23850000    978     24450000
   979     24475000   1003     25075000
  1004     25100000   1009     25225000
  1010     25250000   1022     25550000
  1023     25575000   1102     27550000
  1103     27575000   1182     29550000
  1183     29575000   1262     31550000
  1263     31575000   1342     33550000
  1343     33575000   1422     35550000
  1423     35575000   1502     37550000
  1503     37575000   1582     39550000
  1583     39575000   1662     41550000
  1663     41575000   1742     43550000
  1743     43575000   1822     45550000
  1823     45575000   1902     47550000
  1903     47575000   1982     49550000
  1983     49575000   2000     50000000
