from.id    from.cord  to.id      to.cord
   661     16525000    687     17175000
   688     17200000    717     17925000
   718     17950000    722     18050000
   751     18775000    768     19200000
   769     19225000    788     19700000
   793     19825000    825     20625000
   826     20650000    832     20800000
   833     20825000    839     20975000
   847     21175000    871     21775000
   872     21800000    922     23050000
   923     23075000    943     23575000
   944     23600000    954     23850000
   973     24325000    978     24450000
   979     24475000   1005     25125000
  1012     25300000   1021     25525000
  1022     25550000   1101     27525000
  1102     27550000   1181     29525000
  1182     29550000   1261     31525000
  1262     31550000   1341     33525000
  1342     33550000   1421     35525000
  1422     35550000   1501     37525000
  1502     37550000   1581     39525000
  1582     39550000   1661     41525000
  1662     41550000   1741     43525000
  1742     43550000   1821     45525000
  1822     45550000   1901     47525000
  1902     47550000   1981     49525000
  1982     49550000   2002     50050000
  2003     50075000   2029     50725000
