669 682
683 708
709 713
714 723
759 764
765 786
788 794
796 800
817 820
821 831
832 837
838 842
863 869
870 875
876 879
880 887
895 902
908 920
922 926
935 938
940 955
958 971
973 981
989 1008
1023 1102
1103 1165
1166 1169
1170 1185
1188 1267
1268 1347
1348 1427
1428 1491
1493 1498
1499 1506
1513 1520
1522 1531
1538 1555
1562 1566
1569 1576
1580 1584
1590 1614
1615 1618
1619 1673
1679 1689
1690 1694
1695 1699
1700 1704
1705 1726
1729 1733
1734 1752
1755 1773
1776 1834
1835 1845
1846 1861
1862 1867
1868 1883
1885 1888
1889 1938
1942 1947
1948 1957
1963 1975
1984 1995
1997 2000
2001 2004
2006 2013
2016 2019
2021 2026
