from.id    from.cord  to.id      to.cord
   658     16450000    690     17250000
   691     17275000    715     17875000
   718     17950000    721     18025000
   750     18750000    764     19100000
   790     19750000    841     21025000
   847     21175000    870     21750000
   873     21825000    919     22975000
   922     23050000    938     23450000
   939     23475000    942     23550000
   943     23575000    948     23700000
   955     23875000    978     24450000
   979     24475000    998     24950000
  1002     25050000   1006     25150000
  1007     25175000   1025     25625000
  1026     25650000   1105     27625000
  1106     27650000   1185     29625000
  1186     29650000   1265     31625000
  1266     31650000   1345     33625000
  1346     33650000   1425     35625000
  1426     35650000   1505     37625000
  1506     37650000   1585     39625000
  1586     39650000   1665     41625000
  1666     41650000   1745     43625000
  1746     43650000   1825     45625000
  1826     45650000   1905     47625000
  1906     47650000   1985     49625000
  1986     49650000   2002     50050000
  2003     50075000   2029     50725000
