from.id    from.cord  to.id      to.cord
   653     16325000    709     17725000
   741     18525000    766     19150000
   857     21425000    863     21575000
   864     21600000    943     23575000
   987     24675000    991     24775000
   992     24800000   1071     26775000
  1072     26800000   1151     28775000
  1152     28800000   1231     30775000
  1232     30800000   1311     32775000
  1312     32800000   1391     34775000
  1392     34800000   1471     36775000
  1472     36800000   1551     38775000
  1552     38800000   1631     40775000
  1632     40800000   1711     42775000
  1712     42800000   1791     44775000
  1792     44800000   1871     46775000
  1872     46800000   1951     48775000
  1952     48800000   2004     50100000
