from.id    from.cord  to.id      to.cord
   669     16725000    682     17050000
   683     17075000    708     17700000
   709     17725000    713     17825000
   714     17850000    723     18075000
   759     18975000    764     19100000
   765     19125000    786     19650000
   788     19700000    794     19850000
   796     19900000    800     20000000
   817     20425000    820     20500000
   821     20525000    831     20775000
   832     20800000    837     20925000
   838     20950000    842     21050000
   863     21575000    869     21725000
   870     21750000    875     21875000
   876     21900000    879     21975000
   880     22000000    887     22175000
   895     22375000    902     22550000
   908     22700000    920     23000000
   922     23050000    926     23150000
   935     23375000    938     23450000
   940     23500000    955     23875000
   958     23950000    971     24275000
   973     24325000    981     24525000
   989     24725000   1008     25200000
  1023     25575000   1102     27550000
  1103     27575000   1165     29125000
  1166     29150000   1169     29225000
  1170     29250000   1185     29625000
  1188     29700000   1267     31675000
  1268     31700000   1347     33675000
  1348     33700000   1427     35675000
  1428     35700000   1491     37275000
  1493     37325000   1498     37450000
  1499     37475000   1506     37650000
  1513     37825000   1520     38000000
  1522     38050000   1531     38275000
  1538     38450000   1555     38875000
  1562     39050000   1566     39150000
  1569     39225000   1576     39400000
  1580     39500000   1584     39600000
  1590     39750000   1614     40350000
  1615     40375000   1618     40450000
  1619     40475000   1673     41825000
  1679     41975000   1689     42225000
  1690     42250000   1694     42350000
  1695     42375000   1699     42475000
  1700     42500000   1704     42600000
  1705     42625000   1726     43150000
  1729     43225000   1733     43325000
  1734     43350000   1752     43800000
  1755     43875000   1773     44325000
  1776     44400000   1834     45850000
  1835     45875000   1845     46125000
  1846     46150000   1861     46525000
  1862     46550000   1867     46675000
  1868     46700000   1883     47075000
  1885     47125000   1888     47200000
  1889     47225000   1938     48450000
  1942     48550000   1947     48675000
  1948     48700000   1957     48925000
  1963     49075000   1975     49375000
  1984     49600000   1995     49875000
  1997     49925000   2000     50000000
  2001     50025000   2004     50100000
  2006     50150000   2013     50325000
  2016     50400000   2019     50475000
  2021     50525000   2026     50650000
