from.id    from.cord  to.id      to.cord
   651     16275000    697     17425000
   698     17450000    716     17900000
   762     19050000    766     19150000
   767     19175000    779     19475000
   783     19575000    862     21550000
   863     21575000    865     21625000
   868     21700000    881     22025000
   882     22050000    910     22750000
   914     22850000    917     22925000
   918     22950000    927     23175000
   928     23200000    935     23375000
   963     24075000    980     24500000
   981     24525000    993     24825000
   994     24850000   1030     25750000
  1031     25775000   1110     27750000
  1111     27775000   1190     29750000
  1191     29775000   1270     31750000
  1271     31775000   1350     33750000
  1351     33775000   1430     35750000
  1431     35775000   1510     37750000
  1511     37775000   1590     39750000
  1591     39775000   1670     41750000
  1671     41775000   1750     43750000
  1751     43775000   1830     45750000
  1831     45775000   1910     47750000
  1911     47775000   1990     49750000
  1991     49775000   2007     50175000
