from.id    from.cord  to.id      to.cord
   657     16425000    690     17250000
   691     17275000    714     17850000
   717     17925000    721     18025000
   749     18725000    764     19100000
   790     19750000    842     21050000
   846     21150000    864     21600000
   865     21625000    873     21825000
   877     21925000    920     23000000
   923     23075000    926     23150000
   934     23350000    942     23550000
   943     23575000    954     23850000
   955     23875000    967     24175000
   968     24200000    978     24450000
   979     24475000    998     24950000
   999     24975000   1002     25050000
  1009     25225000   1025     25625000
  1026     25650000   1105     27625000
  1106     27650000   1185     29625000
  1186     29650000   1265     31625000
  1266     31650000   1345     33625000
  1346     33650000   1425     35625000
  1426     35650000   1505     37625000
  1506     37650000   1585     39625000
  1586     39650000   1665     41625000
  1666     41650000   1745     43625000
  1746     43650000   1825     45625000
  1826     45650000   1905     47625000
  1906     47650000   1985     49625000
  1986     49650000   2011     50275000
