from.id    from.cord  to.id      to.cord
   654     16350000    697     17425000
   698     17450000    716     17900000
   749     18725000    767     19175000
   848     21200000    865     21625000
   869     21725000    882     22050000
   883     22075000    911     22775000
   912     22800000    915     22875000
   916     22900000    923     23075000
   929     23225000    934     23350000
   935     23375000    960     24000000
   962     24050000    981     24525000
   982     24550000    991     24775000
  1018     25450000   1022     25550000
  1028     25700000   1107     27675000
  1108     27700000   1187     29675000
  1188     29700000   1267     31675000
  1268     31700000   1347     33675000
  1348     33700000   1427     35675000
  1428     35700000   1507     37675000
  1508     37700000   1587     39675000
  1588     39700000   1667     41675000
  1668     41700000   1747     43675000
  1748     43700000   1827     45675000
  1828     45700000   1907     47675000
  1908     47700000   1987     49675000
  1988     49700000   2006     50150000
