from.id    from.cord  to.id      to.cord
   658     16450000    671     16775000
   676     16900000    708     17700000
   709     17725000    770     19250000
   771     19275000    794     19850000
   795     19875000    808     20200000
   857     21425000    936     23400000
  1017     25425000   1096     27400000
  1097     27425000   1176     29400000
  1177     29425000   1256     31400000
  1257     31425000   1336     33400000
  1337     33425000   1416     35400000
  1417     35425000   1496     37400000
  1497     37425000   1576     39400000
  1577     39425000   1656     41400000
  1657     41425000   1736     43400000
  1737     43425000   1816     45400000
  1817     45425000   1896     47400000
  1897     47425000   1976     49400000
  1977     49425000   2010     50250000
