from.id    from.cord  to.id      to.cord
   664     16600000    713     17825000
   714     17850000    763     19075000
   800     20000000    803     20075000
   861     21525000    940     23500000
  1021     25525000   1100     27500000
  1101     27525000   1180     29500000
  1181     29525000   1260     31500000
  1261     31525000   1340     33500000
  1341     33525000   1420     35500000
  1421     35525000   1500     37500000
  1501     37525000   1580     39500000
  1581     39525000   1660     41500000
  1661     41525000   1740     43500000
  1741     43525000   1820     45500000
  1821     45525000   1900     47500000
  1901     47525000   1980     49500000
  1981     49525000   2005     50125000
