from.id    from.cord  to.id      to.cord
   659     16475000    689     17225000
   690     17250000    715     17875000
   716     17900000    719     17975000
   751     18775000    769     19225000
   770     19250000    790     19750000
   791     19775000    828     20700000
   830     20750000    841     21025000
   847     21175000    872     21800000
   873     21825000    918     22950000
   923     23075000    938     23450000
   944     23600000    949     23725000
   950     23750000    955     23875000
   956     23900000    980     24500000
   981     24525000   1007     25175000
  1008     25200000   1024     25600000
  1025     25625000   1104     27600000
  1105     27625000   1184     29600000
  1185     29625000   1264     31600000
  1265     31625000   1344     33600000
  1345     33625000   1424     35600000
  1425     35625000   1504     37600000
  1505     37625000   1584     39600000
  1585     39625000   1664     41600000
  1665     41625000   1744     43600000
  1745     43625000   1824     45600000
  1825     45625000   1904     47600000
  1905     47625000   1984     49600000
  1985     49625000   2003     50075000
