from.id    from.cord  to.id      to.cord
   653     16325000    706     17650000
   752     18800000    766     19150000
   847     21175000    875     21875000
   938     23450000    963     24075000
   985     24625000    998     24950000
   999     24975000   1078     26950000
  1079     26975000   1158     28950000
  1159     28975000   1238     30950000
  1239     30975000   1318     32950000
  1319     32975000   1398     34950000
  1399     34975000   1478     36950000
  1559     38975000   1638     40950000
  1639     40975000   1718     42950000
  1719     42975000   1798     44950000
  1799     44975000   1878     46950000
  1879     46975000   1958     48950000
  1959     48975000   2003     50075000
