from.id    from.cord  to.id      to.cord
   663     16575000    686     17150000
   687     17175000    721     18025000
   752     18800000    766     19150000
   767     19175000    790     19750000
   791     19775000    822     20550000
   823     20575000    836     20900000
   856     21400000    868     21700000
   869     21725000    885     22125000
   887     22175000    896     22400000
   899     22475000    923     23075000
   924     23100000    941     23525000
   942     23550000    953     23825000
   971     24275000    977     24425000
   979     24475000   1007     25175000
  1013     25325000   1022     25550000
  1023     25575000   1102     27550000
  1103     27575000   1182     29550000
  1183     29575000   1262     31550000
  1263     31575000   1342     33550000
  1343     33575000   1422     35550000
  1423     35575000   1502     37550000
  1503     37575000   1582     39550000
  1583     39575000   1662     41550000
  1663     41575000   1742     43550000
  1743     43575000   1822     45550000
  1823     45575000   1902     47550000
  1903     47575000   1982     49550000
  1983     49575000   2003     50075000
  2004     50100000   2019     50475000
