from.id    from.cord  to.id      to.cord
   661     16525000    687     17175000
   688     17200000    717     17925000
   718     17950000    724     18100000
   752     18800000    767     19175000
   768     19200000    788     19700000
   789     19725000    824     20600000
   825     20625000    830     20750000
   831     20775000    839     20975000
   856     21400000    870     21750000
   871     21775000    894     22350000
   895     22375000    900     22500000
   901     22525000    922     23050000
   923     23075000    943     23575000
   944     23600000    954     23850000
   955     23875000    971     24275000
   974     24350000    980     24500000
   981     24525000   1005     25125000
  1006     25150000   1010     25250000
  1011     25275000   1022     25550000
  1023     25575000   1102     27550000
  1103     27575000   1182     29550000
  1183     29575000   1262     31550000
  1263     31575000   1342     33550000
  1343     33575000   1422     35550000
  1423     35575000   1502     37550000
  1503     37575000   1582     39550000
  1583     39575000   1662     41550000
  1663     41575000   1742     43550000
  1743     43575000   1822     45550000
  1823     45575000   1902     47550000
  1903     47575000   1982     49550000
  1983     49575000   2001     50025000
