from.id    from.cord  to.id      to.cord
   661     16525000    710     17750000
   711     17775000    766     19150000
   767     19175000    796     19900000
   797     19925000    806     20150000
   859     21475000    938     23450000
  1019     25475000   1098     27450000
  1099     27475000   1178     29450000
  1179     29475000   1258     31450000
  1259     31475000   1338     33450000
  1339     33475000   1418     35450000
  1419     35475000   1498     37450000
  1499     37475000   1578     39450000
  1579     39475000   1658     41450000
  1659     41475000   1738     43450000
  1739     43475000   1818     45450000
  1819     45475000   1898     47450000
  1899     47475000   1978     49450000
  1979     49475000   2008     50200000
