from.id    from.cord  to.id      to.cord
   666     16650000    714     17850000
   715     17875000    762     19050000
   763     19075000    800     20000000
   862     21550000    941     23525000
   942     23550000   1021     25525000
  1022     25550000   1101     27525000
  1102     27550000   1181     29525000
  1182     29550000   1261     31525000
  1262     31550000   1341     33525000
  1342     33550000   1421     35525000
  1422     35550000   1501     37525000
  1502     37550000   1581     39525000
  1582     39550000   1661     41525000
  1662     41550000   1741     43525000
  1742     43550000   1821     45525000
  1822     45550000   1901     47525000
  1902     47550000   1981     49525000
  1982     49550000   2003     50075000
