from.id    from.cord  to.id      to.cord
   652     16300000    696     17400000
   697     17425000    711     17775000
   713     17825000    716     17900000
   761     19025000    768     19200000
   769     19225000    778     19450000
   779     19475000    784     19600000
   785     19625000    864     21600000
   869     21725000    880     22000000
   881     22025000    917     22925000
   918     22950000    926     23150000
   927     23175000    936     23400000
   959     23975000    963     24075000
   964     24100000    980     24500000
   981     24525000    994     24850000
   995     24875000   1029     25725000
  1030     25750000   1109     27725000
  1110     27750000   1189     29725000
  1190     29750000   1269     31725000
  1270     31750000   1349     33725000
  1350     33750000   1429     35725000
  1430     35750000   1509     37725000
  1510     37750000   1589     39725000
  1590     39750000   1669     41725000
  1670     41750000   1749     43725000
  1750     43750000   1829     45725000
  1830     45750000   1909     47725000
  1910     47750000   1989     49725000
  1990     49750000   2008     50200000
