from.id    from.cord  to.id      to.cord
   653     16325000    706     17650000
   751     18775000    767     19175000
   848     21200000    885     22125000
   886     22150000    908     22700000
   909     22725000    918     22950000
   919     22975000    930     23250000
   931     23275000   1010     25250000
  1014     25350000   1093     27325000
  1094     27350000   1173     29325000
  1174     29350000   1253     31325000
  1254     31350000   1333     33325000
  1334     33350000   1413     35325000
  1414     35350000   1493     37325000
  1494     37350000   1573     39325000
  1574     39350000   1653     41325000
  1654     41350000   1733     43325000
  1734     43350000   1813     45325000
  1814     45350000   1893     47325000
  1894     47350000   1973     49325000
  1974     49350000   2002     50050000
