from.id    from.cord  to.id      to.cord
   653     16325000    693     17325000
   694     17350000    713     17825000
   759     18975000    770     19250000
   771     19275000    774     19350000
   775     19375000    787     19675000
   788     19700000    863     21575000
   864     21600000    872     21800000
   873     21825000    878     21950000
   879     21975000    919     22975000
   925     23125000    938     23450000
   939     23475000    956     23900000
   957     23925000    965     24125000
   966     24150000    977     24425000
   978     24450000    997     24925000
   998     24950000   1007     25175000
  1013     25325000   1027     25675000
  1028     25700000   1107     27675000
  1108     27700000   1187     29675000
  1188     29700000   1267     31675000
  1268     31700000   1347     33675000
  1348     33700000   1427     35675000
  1428     35700000   1507     37675000
  1508     37700000   1587     39675000
  1588     39700000   1667     41675000
  1668     41700000   1747     43675000
  1748     43700000   1827     45675000
  1828     45700000   1907     47675000
  1908     47700000   1987     49675000
  1988     49700000   2010     50250000
