from.id    from.cord  to.id      to.cord
   659     16475000    707     17675000
   752     18800000    766     19150000
   850     21250000    876     21900000
   878     21950000    884     22100000
   885     22125000    910     22750000
   911     22775000    917     22925000
   918     22950000    931     23275000
   935     23375000    966     24150000
   967     24175000    983     24575000
  1013     25325000   1092     27300000
  1093     27325000   1172     29300000
  1173     29325000   1252     31300000
  1253     31325000   1332     33300000
  1333     33325000   1412     35300000
  1413     35325000   1492     37300000
  1493     37325000   1572     39300000
  1573     39325000   1652     41300000
  1653     41325000   1732     43300000
  1733     43325000   1812     45300000
  1813     45325000   1892     47300000
  1893     47325000   1972     49300000
  1973     49325000   2003     50075000
