from.id    from.cord  to.id      to.cord
   675     16875000    708     17700000
   709     17725000    770     19250000
   771     19275000    785     19625000
   787     19675000    793     19825000
   794     19850000    808     20200000
   851     21275000    930     23250000
   931     23275000   1010     25250000
  1011     25275000   1090     27250000
  1091     27275000   1170     29250000
  1171     29275000   1250     31250000
  1251     31275000   1330     33250000
  1331     33275000   1410     35250000
  1411     35275000   1490     37250000
  1491     37275000   1570     39250000
  1571     39275000   1650     41250000
  1651     41275000   1730     43250000
  1731     43275000   1810     45250000
  1811     45275000   1890     47250000
  1891     47275000   1970     49250000
  1971     49275000   2009     50225000
