from.id    from.cord  to.id      to.cord
   659     16475000    689     17225000
   690     17250000    715     17875000
   716     17900000    723     18075000
   752     18800000    769     19225000
   770     19250000    790     19750000
   831     20775000    840     21000000
   848     21200000    872     21800000
   873     21825000    921     23025000
   922     23050000    950     23750000
   953     23825000    979     24475000
   980     24500000   1003     25075000
  1005     25125000   1008     25200000
  1009     25225000   1023     25575000
  1024     25600000   1103     27575000
  1104     27600000   1183     29575000
  1184     29600000   1263     31575000
  1264     31600000   1343     33575000
  1344     33600000   1423     35575000
  1424     35600000   1503     37575000
  1504     37600000   1583     39575000
  1584     39600000   1663     41575000
  1664     41600000   1743     43575000
  1744     43600000   1823     45575000
  1824     45600000   1903     47575000
  1904     47600000   1983     49575000
  1984     49600000   2000     50000000
