from.id    from.cord  to.id      to.cord
   662     16550000    711     17775000
   712     17800000    764     19100000
   765     19125000    798     19950000
   799     19975000    804     20100000
   860     21500000    939     23475000
  1020     25500000   1099     27475000
  1100     27500000   1179     29475000
  1180     29500000   1259     31475000
  1260     31500000   1339     33475000
  1340     33500000   1419     35475000
  1420     35500000   1499     37475000
  1500     37500000   1579     39475000
  1580     39500000   1659     41475000
  1660     41500000   1739     43475000
  1740     43500000   1819     45475000
  1820     45500000   1899     47475000
  1900     47500000   1979     49475000
  1980     49500000   2006     50150000
