from.id    from.cord  to.id      to.cord
   676     16900000    707     17675000
   708     17700000    771     19275000
   772     19300000    793     19825000
   852     21300000    931     23275000
  1012     25300000   1091     27275000
  1092     27300000   1171     29275000
  1172     29300000   1251     31275000
  1252     31300000   1331     33275000
  1332     33300000   1411     35275000
  1412     35300000   1491     37275000
  1492     37300000   1571     39275000
  1572     39300000   1651     41275000
  1652     41300000   1731     43275000
  1732     43300000   1811     45275000
  1812     45300000   1891     47275000
  1892     47300000   1971     49275000
  1972     49300000   2009     50225000
