from.id    from.cord  to.id      to.cord
     0            0     33      1650000
    34      1700000     73      3650000
    74      3700000    113      5650000
   114      5700000    153      7650000
   154      7700000    193      9650000
   194      9700000    233     11650000
   234     11700000    273     13650000
   274     13700000    313     15650000
   314     15700000    353     17650000
   354     17700000    393     19650000
   394     19700000    424     21200000
   425     21250000    464     23200000
   531     26550000    570     28500000
   571     28550000    610     30500000
   611     30550000    650     32500000
   651     32550000    690     34500000
   691     34550000    730     36500000
   731     36550000    770     38500000
   771     38550000    810     40500000
   811     40550000    840     42000000
   841     42050000    879     43950000
   880     44000000    919     45950000
   920     46000000    959     47950000
   960     48000000    999     49950000
  1000     50000000   1039     51950000
  1040     52000000   1079     53950000
  1080     54000000   1119     55950000
  1120     56000000   1159     57950000
  1161     58050000   1168     58400000
