from.id    from.cord  to.id      to.cord
     0            0     23      1150000
    24      1200000     63      3150000
    64      3200000    103      5150000
   104      5200000    143      7150000
   144      7200000    183      9150000
   184      9200000    223     11150000
   224     11200000    263     13150000
   264     13200000    303     15150000
   304     15200000    343     17150000
   344     17200000    383     19150000
   384     19200000    423     21150000
   424     21200000    428     21400000
   429     21450000    468     23400000
   535     26750000    566     28300000
   567     28350000    606     30300000
   607     30350000    646     32300000
   647     32350000    686     34300000
   687     34350000    726     36300000
   727     36350000    766     38300000
   767     38350000    806     40300000
   807     40350000    844     42200000
   845     42250000    874     43700000
   875     43750000    914     45700000
   915     45750000    954     47700000
   955     47750000    994     49700000
   995     49750000   1034     51700000
  1035     51750000   1074     53700000
  1075     53750000   1114     55700000
  1115     55750000   1154     57700000
  1155     57750000   1163     58150000
  1166     58300000   1170     58500000
