from.id    from.cord  to.id      to.cord
     0            0     37      1850000
    38      1900000     77      3850000
    78      3900000    117      5850000
   118      5900000    157      7850000
   158      7900000    197      9850000
   198      9900000    237     11850000
   238     11900000    277     13850000
   278     13900000    317     15850000
   318     15900000    357     17850000
   358     17900000    397     19850000
   398     19900000    419     20950000
   535     26750000    574     28700000
   576     28800000    615     30750000
   616     30800000    655     32750000
   656     32800000    695     34750000
   696     34800000    735     36750000
   736     36800000    775     38750000
   776     38800000    815     40750000
   816     40800000    835     41750000
   836     41800000    875     43750000
   876     43800000    882     44100000
   883     44150000    922     46100000
   923     46150000    962     48100000
  1003     50150000   1042     52100000
  1043     52150000   1082     54100000
  1083     54150000   1122     56100000
  1123     56150000   1155     57750000
  1157     57850000   1162     58100000
