from.id    from.cord  to.id      to.cord
     0            0     19       950000
    20      1000000     59      2950000
    60      3000000     99      4950000
   100      5000000    139      6950000
   140      7000000    179      8950000
   180      9000000    219     10950000
   220     11000000    259     12950000
   260     13000000    299     14950000
   300     15000000    339     16950000
   340     17000000    379     18950000
   380     19000000    419     20950000
   420     21000000    429     21450000
   430     21500000    469     23450000
   536     26800000    565     28250000
   566     28300000    605     30250000
   606     30300000    645     32250000
   646     32300000    685     34250000
   726     36300000    765     38250000
   766     38300000    805     40250000
   806     40300000    845     42250000
   846     42300000    873     43650000
   874     43700000    913     45650000
   914     45700000    953     47650000
   954     47700000    993     49650000
   994     49700000   1033     51650000
  1034     51700000   1073     53650000
  1074     53700000   1113     55650000
  1114     55700000   1153     57650000
  1154     57700000   1165     58250000
  1166     58300000   1170     58500000
