from.id    from.cord  to.id      to.cord
     2       100000     11       550000
    12       600000     13       650000
    15       750000     20      1000000
    21      1050000     40      2000000
    42      2100000     43      2150000
    48      2400000     87      4350000
    88      4400000    127      6350000
   128      6400000    136      6800000
   144      7200000    161      8050000
   169      8450000    171      8550000
   172      8600000    181      9050000
   182      9100000    221     11050000
   222     11100000    261     13050000
   262     13100000    301     15050000
   302     15100000    341     17050000
   342     17100000    381     19050000
   382     19100000    421     21050000
   422     21100000    430     21500000
   432     21600000    433     21650000
   434     21700000    462     23100000
   463     23150000    467     23350000
   468     23400000    470     23500000
   471     23550000    473     23650000
   552     27600000    561     28050000
   562     28100000    601     30050000
   602     30100000    641     32050000
   642     32100000    681     34050000
   682     34100000    721     36050000
   724     36200000    726     36300000
   729     36450000    741     37050000
   749     37450000    788     39400000
   789     39450000    813     40650000
   821     41050000    850     42500000
   865     43250000    869     43450000
   871     43550000    910     45500000
   911     45550000    950     47500000
   951     47550000    954     47700000
   962     48100000    976     48800000
   984     49200000    997     49850000
   999     49950000   1004     50200000
  1006     50300000   1045     52250000
  1046     52300000   1085     54250000
  1086     54300000   1092     54600000
  1094     54700000   1097     54850000
  1100     55000000   1139     56950000
  1140     57000000   1167     58350000
