from.id    from.cord  to.id      to.cord
     0            0     39      1950000
    40      2000000     79      3950000
    80      4000000    119      5950000
   120      6000000    159      7950000
   160      8000000    199      9950000
   200     10000000    239     11950000
   240     12000000    279     13950000
   280     14000000    319     15950000
   320     16000000    359     17950000
   360     18000000    399     19950000
   400     20000000    436     21800000
   538     26900000    556     27800000
   557     27850000    596     29800000
   597     29850000    636     31800000
   637     31850000    676     33800000
   677     33850000    716     35800000
   717     35850000    756     37800000
   757     37850000    796     39800000
   797     39850000    836     41800000
   863     43150000    902     45100000
   903     45150000    942     47100000
   943     47150000    982     49100000
   983     49150000   1022     51100000
  1023     51150000   1062     53100000
  1063     53150000   1102     55100000
  1103     55150000   1142     57100000
